"id","tripcapacity","tripid","tripaction","tripstarttimestamp","tripendtimestamp","tripcompleted","tripduration","tripstartlat","tripstartlng","tripendlat","tripendlng","mapstartlat","mapstartlng","mapendlat","mapendlng","tripdetour","tripprice","trippath","triplength"
"0","3","0","0","2018-08-16T15:41Z","2018-08-16T15:41Z","0","0","47.447767","-122.243275","49.28381","-123.12","47.447767","-122.243275","49.283819","-123.120013","0","0","[[-122.243275,47.447767],[-122.243261,47.447975],[-122.243268,47.448364],[-122.243269,47.448447],[-122.243268,47.448572],[-122.243262,47.449489],[-122.243262,47.449618],[-122.243258,47.450148],[-122.243252,47.451111],[-122.243251,47.451303],[-122.24325,47.451531],[-122.243249,47.451574],[-122.243244,47.4518],[-122.243224,47.452654],[-122.243211,47.453244],[-122.243196,47.453906],[-122.243194,47.453993],[-122.243188,47.454243],[-122.243185,47.454418],[-122.243185,47.454917],[-122.243253,47.455172],[-122.243528,47.455869],[-122.243551,47.45594],[-122.243579,47.456025],[-122.24363,47.456181],[-122.243639,47.456211],[-122.243684,47.456369],[-122.243734,47.456546],[-122.24382,47.456849],[-122.243982,47.457406],[-122.244,47.457469],[-122.24408,47.457744],[-122.24412,47.457882],[-122.244131,47.457931],[-122.244156,47.458038],[-122.24417,47.4581],[-122.244212,47.458281],[-122.244226,47.458344],[-122.244338,47.458829],[-122.244401,47.459104],[-122.244505,47.459559],[-122.244515,47.4596],[-122.244579,47.459863],[-122.244609,47.459983],[-122.244718,47.460428],[-122.244756,47.460585],[-122.244851,47.460974],[-122.244912,47.461257],[-122.244941,47.46139],[-122.244998,47.461641],[-122.24503,47.461781],[-122.245137,47.462303],[-122.245202,47.462676],[-122.245287,47.462993],[-122.245325,47.463136],[-122.245416,47.463476],[-122.245536,47.463813],[-122.245684,47.464015],[-122.245788,47.464157],[-122.246028,47.464383],[-122.24636,47.464649],[-122.246711,47.464884],[-122.246977,47.464992],[-122.247362,47.465148],[-122.247691,47.465281],[-122.248437,47.465571],[-122.248523,47.465604],[-122.248813,47.465714],[-122.249033,47.465789],[-122.249889,47.466123],[-122.249991,47.466163],[-122.251049,47.466634],[-122.251391,47.466835],[-122.251621,47.467022],[-122.252002,47.467406],[-122.252159,47.467661],[-122.252268,47.467838],[-122.25235,47.467971],[-122.252619,47.468407],[-122.252729,47.468586],[-122.252855,47.468789],[-122.253142,47.469255],[-122.253359,47.469608],[-122.253464,47.469777],[-122.254129,47.470884],[-122.254419,47.471375],[-122.254685,47.471815],[-122.254944,47.472253],[-122.255087,47.472495],[-122.255273,47.472809],[-122.255375,47.472982],[-122.255584,47.473353],[-122.255744,47.473637],[-122.256428,47.474439],[-122.256879,47.474813],[-122.257348,47.475198],[-122.258115,47.475705],[-122.258221,47.475776],[-122.25837,47.475875],[-122.258718,47.476105],[-122.259092,47.476352],[-122.259239,47.476449],[-122.259349,47.476521],[-122.259523,47.476635],[-122.259781,47.476803],[-122.260115,47.477022],[-122.260215,47.477087],[-122.260283,47.477132],[-122.260909,47.477541],[-122.261253,47.477767],[-122.26152,47.477942],[-122.261875,47.478177],[-122.262162,47.478367],[-122.262497,47.478589],[-122.262616,47.478667],[-122.262824,47.478805],[-122.263419,47.479212],[-122.263989,47.479602],[-122.265015,47.480303],[-122.265735,47.480796],[-122.265953,47.480938],[-122.266524,47.481312],[-122.267063,47.48163],[-122.267286,47.481761],[-122.26772,47.482017],[-122.268219,47.482311],[-122.268367,47.482397],[-122.268931,47.48273],[-122.269082,47.482819],[-122.269327,47.482964],[-122.269402,47.483057],[-122.269488,47.483261],[-122.269508,47.483366],[-122.269262,47.483888],[-122.269144,47.484242],[-122.268936,47.484602],[-122.268739,47.484831],[-122.268682,47.484887],[-122.268112,47.485355],[-122.267434,47.486034],[-122.265747,47.487345],[-122.265203,47.487855],[-122.264864,47.48823],[-122.264634,47.488582],[-122.264425,47.488992],[-122.264327,47.489299],[-122.264271,47.489572],[-122.26424,47.489901],[-122.264238,47.490266],[-122.264295,47.490613],[-122.264408,47.490964],[-122.264565,47.491295],[-122.264794,47.491631],[-122.264985,47.491886],[-122.265266,47.4922],[-122.265781,47.492675],[-122.271467,47.497366],[-122.272531,47.498338],[-122.273718,47.49948],[-122.27429,47.50022],[-122.274974,47.500926],[-122.277311,47.503184],[-122.277672,47.503664],[-122.277811,47.503859],[-122.27799,47.504277],[-122.278077,47.504458],[-122.278174,47.504753],[-122.27824,47.505136],[-122.278266,47.50575],[-122.27824,47.506898],[-122.27825,47.507157],[-122.278267,47.507602],[-122.27826,47.50802],[-122.278276,47.509683],[-122.278277,47.509842],[-122.278421,47.511465],[-122.278591,47.512852],[-122.278685,47.513496],[-122.278711,47.513723],[-122.278787,47.514418],[-122.278841,47.514906],[-122.2789,47.515447],[-122.279039,47.51632],[-122.279097,47.51661],[-122.279117,47.516712],[-122.279186,47.517063],[-122.279213,47.517163],[-122.279397,47.51788],[-122.279495,47.518258],[-122.279547,47.518467],[-122.279756,47.519397],[-122.279811,47.519918],[-122.279795,47.520218],[-122.279746,47.520584],[-122.27957,47.521294],[-122.279479,47.521605],[-122.279372,47.521973],[-122.279281,47.522256],[-122.279149,47.522702],[-122.279027,47.523118],[-122.278984,47.523264],[-122.278927,47.523544],[-122.278876,47.523824],[-122.278802,47.524155],[-122.278774,47.524272],[-122.278713,47.524648],[-122.278705,47.524932],[-122.278731,47.525225],[-122.278801,47.52557],[-122.278813,47.525602],[-122.278857,47.525725],[-122.279061,47.526124],[-122.279924,47.527774],[-122.279981,47.527879],[-122.280094,47.5281],[-122.280229,47.528375],[-122.280333,47.528613],[-122.28044,47.528958],[-122.280492,47.529207],[-122.28054,47.529566],[-122.280556,47.529821],[-122.280564,47.529962],[-122.280574,47.530837],[-122.280575,47.531033],[-122.280579,47.531537],[-122.28059,47.531939],[-122.280601,47.532165],[-122.280601,47.53252],[-122.280609,47.53275],[-122.280613,47.532926],[-122.280627,47.533394],[-122.280632,47.533469],[-122.280637,47.533666],[-122.280641,47.534068],[-122.280648,47.53482],[-122.280651,47.53509],[-122.280651,47.53516],[-122.280653,47.53529],[-122.280651,47.535449],[-122.280649,47.535563],[-122.280657,47.535907],[-122.280658,47.535927],[-122.280664,47.536022],[-122.28067,47.536111],[-122.280736,47.536462],[-122.280898,47.536934],[-122.280947,47.537053],[-122.28102,47.537231],[-122.281086,47.537366],[-122.281409,47.538022],[-122.281599,47.538394],[-122.281644,47.538492],[-122.28179,47.538768],[-122.281858,47.538897],[-122.282002,47.539157],[-122.282836,47.540659],[-122.282894,47.540761],[-122.283688,47.542474],[-122.283886,47.542867],[-122.284048,47.543188],[-122.284402,47.54389],[-122.284515,47.544113],[-122.284686,47.544454],[-122.284774,47.544627],[-122.284954,47.545027],[-122.285085,47.545317],[-122.285183,47.545513],[-122.285451,47.546048],[-122.285593,47.546335],[-122.285955,47.54707],[-122.286106,47.547376],[-122.286457,47.548104],[-122.286499,47.548195],[-122.286607,47.548424],[-122.286854,47.548972],[-122.287238,47.549779],[-122.287473,47.550269],[-122.287657,47.550652],[-122.287678,47.550697],[-122.287933,47.551226],[-122.288003,47.551371],[-122.288101,47.551558],[-122.288209,47.55177],[-122.288312,47.551975],[-122.288675,47.552714],[-122.288811,47.552991],[-122.289037,47.553451],[-122.289405,47.554251],[-122.289561,47.554591],[-122.289638,47.554762],[-122.289835,47.555195],[-122.289907,47.555347],[-122.290213,47.555948],[-122.290792,47.556908],[-122.290878,47.55705],[-122.29101,47.557274],[-122.291362,47.557868],[-122.291554,47.558174],[-122.291603,47.558254],[-122.291784,47.558551],[-122.291863,47.558684],[-122.291931,47.558799],[-122.292252,47.559332],[-122.292852,47.560272],[-122.29311,47.560677],[-122.293198,47.560816],[-122.293284,47.560949],[-122.293471,47.561239],[-122.293528,47.561325],[-122.293922,47.561932],[-122.294465,47.562771],[-122.294505,47.562827],[-122.294571,47.56293],[-122.294615,47.562996],[-122.295147,47.563769],[-122.295202,47.56386],[-122.29561,47.564507],[-122.296059,47.565202],[-122.296325,47.565629],[-122.296459,47.565843],[-122.296531,47.565957],[-122.296639,47.566169],[-122.296686,47.566291],[-122.296723,47.566385],[-122.296827,47.566799],[-122.296846,47.567029],[-122.296847,47.567162],[-122.296823,47.567896],[-122.296815,47.568135],[-122.296795,47.570539],[-122.296755,47.571211],[-122.296744,47.571391],[-122.296739,47.571866],[-122.296736,47.572016],[-122.296737,47.572103],[-122.296741,47.572341],[-122.296744,47.572445],[-122.296733,47.573294],[-122.296707,47.574228],[-122.296696,47.5746],[-122.29671,47.575094],[-122.29672,47.575376],[-122.296726,47.575539],[-122.296775,47.575701],[-122.296773,47.57574],[-122.296751,47.575917],[-122.296719,47.576056],[-122.296649,47.576258],[-122.296598,47.576364],[-122.296808,47.576628],[-122.296864,47.576698],[-122.297002,47.576872],[-122.297086,47.576978],[-122.297177,47.577092],[-122.297242,47.577174],[-122.297254,47.57719],[-122.297445,47.577431],[-122.297468,47.577459],[-122.297545,47.577556],[-122.297719,47.577791],[-122.297845,47.577961],[-122.298034,47.578216],[-122.298129,47.578346],[-122.298429,47.578738],[-122.298531,47.578871],[-122.298669,47.579051],[-122.298735,47.579137],[-122.299041,47.579537],[-122.299169,47.579705],[-122.299217,47.579768],[-122.299341,47.579928],[-122.299438,47.580057],[-122.299471,47.5801],[-122.299604,47.580274],[-122.299998,47.580788],[-122.30017,47.581013],[-122.300355,47.581273],[-122.300442,47.581411],[-122.300507,47.5815],[-122.300961,47.582065],[-122.301097,47.582234],[-122.301533,47.582776],[-122.301614,47.582884],[-122.301706,47.583003],[-122.301819,47.583151],[-122.30221,47.583648],[-122.302296,47.583765],[-122.302344,47.58383],[-122.302709,47.584326],[-122.302853,47.58452],[-122.302951,47.584652],[-122.302949,47.58484],[-122.302943,47.585207],[-122.30294,47.585418],[-122.302939,47.585493],[-122.302936,47.585573],[-122.302926,47.585908],[-122.302913,47.586323],[-122.302892,47.586401],[-122.302853,47.58653],[-122.302842,47.586559],[-122.302696,47.586924],[-122.302651,47.587066],[-122.302627,47.587203],[-122.302591,47.588367],[-122.302587,47.588453],[-122.302553,47.588777],[-122.302268,47.58962],[-122.302179,47.590115],[-122.302168,47.590726],[-122.302195,47.590987],[-122.302292,47.59137],[-122.302465,47.591821],[-122.30249,47.591883],[-122.302522,47.591959],[-122.302662,47.592397],[-122.302666,47.5925],[-122.302598,47.592764],[-122.302517,47.592922],[-122.302437,47.593085],[-122.302306,47.593312],[-122.302259,47.593464],[-122.302219,47.593823],[-122.302232,47.594573],[-122.302242,47.595501],[-122.302243,47.595573],[-122.302242,47.595644],[-122.302233,47.596479],[-122.302234,47.596751],[-122.302237,47.597818],[-122.302237,47.597878],[-122.302243,47.59835],[-122.30223,47.598969],[-122.302229,47.599029],[-122.302223,47.599274],[-122.302228,47.599671],[-122.30223,47.599795],[-122.302236,47.600309],[-122.302238,47.60112],[-122.302238,47.601145],[-122.302257,47.601445],[-122.302296,47.601579],[-122.302321,47.601662],[-122.302357,47.601769],[-122.302428,47.602039],[-122.302428,47.602064],[-122.302427,47.602242],[-122.302427,47.602361],[-122.302427,47.602611],[-122.302426,47.602676],[-122.302427,47.602729],[-122.302435,47.6032],[-122.302439,47.603454],[-122.30244,47.60351],[-122.302441,47.60357],[-122.302446,47.604268],[-122.302446,47.604338],[-122.30245,47.604407],[-122.302497,47.60469],[-122.302636,47.605095],[-122.302655,47.60515],[-122.302668,47.605192],[-122.30268,47.605229],[-122.302723,47.60536],[-122.302772,47.605567],[-122.302785,47.605894],[-122.302785,47.606168],[-122.302788,47.606257],[-122.30279,47.606435],[-122.302793,47.60689],[-122.302789,47.60754],[-122.302788,47.607711],[-122.302787,47.607932],[-122.302786,47.608017],[-122.302773,47.609023],[-122.302753,47.610013],[-122.302727,47.611574],[-122.302719,47.612082],[-122.302714,47.612227],[-122.302704,47.612942],[-122.302698,47.613297],[-122.302686,47.614012],[-122.302683,47.614165],[-122.302655,47.614815],[-122.302636,47.615248],[-122.302634,47.615305],[-122.302631,47.615385],[-122.302597,47.616473],[-122.302575,47.617113],[-122.302574,47.617255],[-122.302563,47.618936],[-122.302552,47.61909],[-122.302545,47.619184],[-122.302542,47.61934],[-122.302522,47.620215],[-122.302514,47.620603],[-122.302502,47.621132],[-122.302496,47.621377],[-122.30248,47.622159],[-122.30247,47.622662],[-122.302463,47.622984],[-122.302459,47.623172],[-122.302455,47.623412],[-122.302439,47.624402],[-122.30243,47.624961],[-122.302426,47.625209],[-122.302424,47.625336],[-122.30242,47.625581],[-122.302414,47.625938],[-122.302408,47.626311],[-122.302404,47.626582],[-122.302402,47.626694],[-122.3024,47.626822],[-122.302396,47.627065],[-122.302393,47.627254],[-122.30237,47.627391],[-122.30235,47.627437],[-122.302308,47.627508],[-122.302242,47.627586],[-122.30204,47.627812],[-122.301834,47.628052],[-122.301777,47.62813],[-122.301749,47.628181],[-122.301725,47.628239],[-122.3017,47.628416],[-122.30169,47.629021],[-122.301685,47.629269],[-122.301681,47.629507],[-122.301668,47.630268],[-122.301651,47.631289],[-122.301635,47.63223],[-122.301634,47.63229],[-122.301632,47.632354],[-122.301631,47.632431],[-122.301629,47.632569],[-122.301624,47.632816],[-122.301608,47.633613],[-122.301598,47.634146],[-122.301594,47.63437],[-122.30159,47.634587],[-122.301586,47.634797],[-122.301581,47.635043],[-122.301578,47.635185],[-122.301577,47.635254],[-122.301575,47.635349],[-122.30156,47.636227],[-122.301545,47.637071],[-122.301535,47.63769],[-122.301537,47.637891],[-122.301542,47.637924],[-122.301556,47.637985],[-122.301588,47.638085],[-122.301663,47.638324],[-122.301797,47.638714],[-122.301925,47.639117],[-122.302049,47.639452],[-122.302068,47.639528],[-122.302079,47.639587],[-122.302087,47.640134],[-122.302088,47.64026],[-122.302084,47.640658],[-122.302083,47.640727],[-122.302081,47.640983],[-122.302077,47.641715],[-122.302072,47.642213],[-122.302115,47.642396],[-122.302148,47.642454],[-122.302195,47.642514],[-122.302252,47.64257],[-122.30283,47.642995],[-122.302872,47.643026],[-122.302898,47.643067],[-122.302916,47.643096],[-122.30304,47.643182],[-122.303279,47.64335],[-122.30372,47.643658],[-122.303792,47.643722],[-122.303995,47.643933],[-122.304025,47.643972],[-122.304068,47.644027],[-122.304098,47.644075],[-122.304269,47.644313],[-122.30435,47.644455],[-122.304377,47.644501],[-122.304424,47.644582],[-122.304451,47.644655],[-122.304469,47.644706],[-122.304514,47.645092],[-122.304513,47.645327],[-122.304512,47.645557],[-122.30451,47.645897],[-122.304509,47.645969],[-122.304507,47.646268],[-122.304509,47.646322],[-122.304526,47.646409],[-122.304561,47.64655],[-122.304585,47.646666],[-122.304629,47.646777],[-122.304625,47.646904],[-122.304614,47.647689],[-122.304616,47.64781],[-122.304615,47.64803],[-122.304604,47.648538],[-122.304583,47.649018],[-122.304572,47.649204],[-122.304545,47.649514],[-122.304476,47.64976],[-122.304409,47.649978],[-122.304347,47.650155],[-122.304178,47.650556],[-122.304126,47.650645],[-122.303959,47.650953],[-122.303886,47.651066],[-122.303619,47.651562],[-122.303489,47.651803],[-122.303318,47.652138],[-122.303143,47.652405],[-122.303036,47.652682],[-122.302983,47.652829],[-122.302573,47.654202],[-122.302323,47.655037],[-122.302151,47.655648],[-122.302111,47.655805],[-122.302121,47.656011],[-122.302087,47.65612],[-122.301999,47.656399],[-122.301842,47.656893],[-122.301425,47.658325],[-122.300996,47.659056],[-122.30099,47.659399],[-122.300951,47.659655],[-122.30093,47.659825],[-122.300901,47.660064],[-122.300947,47.660224],[-122.300926,47.66039],[-122.300912,47.660497],[-122.300908,47.660606],[-122.300907,47.660616],[-122.300903,47.660947],[-122.300892,47.661383],[-122.30089,47.661811],[-122.300892,47.662058],[-122.300894,47.662447],[-122.300894,47.662516],[-122.300895,47.662589],[-122.300897,47.662856],[-122.300899,47.663083],[-122.300899,47.663153],[-122.300899,47.663181],[-122.300899,47.663207],[-122.3009,47.663292],[-122.3009,47.663379],[-122.300901,47.663566],[-122.300901,47.663639],[-122.300902,47.663699],[-122.300902,47.663779],[-122.300904,47.664096],[-122.300905,47.664289],[-122.300905,47.664348],[-122.300906,47.664415],[-122.300903,47.664466],[-122.3009,47.664504],[-122.300898,47.664549],[-122.300893,47.664621],[-122.300874,47.664759],[-122.300865,47.664787],[-122.30085,47.664848],[-122.300829,47.664925],[-122.300824,47.664945],[-122.300691,47.665454],[-122.300676,47.665547],[-122.300656,47.665668],[-122.300645,47.665734],[-122.300619,47.665889],[-122.300616,47.665909],[-122.300612,47.666001],[-122.300611,47.66606],[-122.300606,47.666177],[-122.300605,47.666275],[-122.300606,47.666388],[-122.300606,47.666479],[-122.300607,47.666569],[-122.300607,47.66664],[-122.300609,47.666817],[-122.30061,47.66699],[-122.300612,47.66734],[-122.300613,47.667541],[-122.300615,47.667784],[-122.300616,47.667925],[-122.300617,47.667992],[-122.300617,47.668149],[-122.300617,47.668162],[-122.300618,47.668275],[-122.300618,47.668381],[-122.300619,47.668534],[-122.300618,47.668724],[-122.300618,47.668773],[-122.300617,47.669082],[-122.300612,47.669998],[-122.300627,47.670921],[-122.300643,47.671876],[-122.300647,47.672155],[-122.300648,47.672444],[-122.300653,47.673816],[-122.300664,47.675784],[-122.300661,47.675924],[-122.300659,47.67607],[-122.300658,47.676139],[-122.300657,47.676226],[-122.300656,47.676277],[-122.300655,47.676301],[-122.30065,47.676674],[-122.300635,47.677602],[-122.300677,47.679405],[-122.300701,47.682029],[-122.300732,47.682628],[-122.300741,47.68281],[-122.300754,47.683057],[-122.300755,47.683202],[-122.300755,47.683264],[-122.300755,47.683559],[-122.300759,47.683942],[-122.300757,47.684067],[-122.300764,47.684864],[-122.300789,47.686124],[-122.300793,47.686334],[-122.300827,47.686547],[-122.300874,47.68667],[-122.301389,47.687412],[-122.301456,47.687509],[-122.301511,47.687599],[-122.301575,47.687703],[-122.301631,47.687833],[-122.301699,47.68817],[-122.301685,47.688443],[-122.301679,47.688505],[-122.301656,47.688612],[-122.301486,47.689471],[-122.301471,47.689593],[-122.301507,47.689829],[-122.301566,47.689971],[-122.301692,47.690264],[-122.30205,47.691191],[-122.302081,47.69127],[-122.302097,47.69131],[-122.30277,47.693012],[-122.302889,47.693275],[-122.303042,47.693481],[-122.303106,47.693545],[-122.303176,47.693605],[-122.30358,47.693916],[-122.303628,47.693953],[-122.303729,47.694031],[-122.304492,47.69462],[-122.305014,47.695023],[-122.305106,47.695119],[-122.305174,47.695224],[-122.305337,47.69562],[-122.30539,47.695748],[-122.305433,47.695824],[-122.305476,47.695887],[-122.305562,47.696067],[-122.305708,47.696387],[-122.305763,47.696509],[-122.305747,47.69669],[-122.30568,47.69705],[-122.305566,47.697405],[-122.305492,47.697579],[-122.305437,47.697691],[-122.305268,47.697987],[-122.305184,47.698111],[-122.305172,47.698129],[-122.304956,47.698407],[-122.303582,47.70001],[-122.30335,47.700283],[-122.303172,47.700491],[-122.303002,47.700689],[-122.302897,47.700812],[-122.302814,47.700909],[-122.30263,47.701124],[-122.302587,47.701178],[-122.302193,47.701669],[-122.302101,47.701798],[-122.302018,47.70193],[-122.301942,47.702063],[-122.301854,47.702244],[-122.30179,47.702405],[-122.30178,47.702428],[-122.301722,47.702615],[-122.301679,47.702803],[-122.301651,47.702993],[-122.301638,47.703179],[-122.301639,47.703385],[-122.30164,47.703535],[-122.301641,47.70384],[-122.301642,47.70397],[-122.301643,47.704131],[-122.301644,47.704335],[-122.301645,47.704516],[-122.301646,47.704774],[-122.301647,47.705015],[-122.301646,47.705106],[-122.301649,47.705508],[-122.30165,47.705655],[-122.301651,47.705831],[-122.301649,47.706041],[-122.301656,47.706706],[-122.301648,47.706853],[-122.301646,47.7069],[-122.301638,47.706992],[-122.30163,47.707093],[-122.301616,47.707229],[-122.30161,47.707287],[-122.301517,47.707865],[-122.301477,47.708032],[-122.301429,47.708248],[-122.301378,47.708438],[-122.30133,47.708595],[-122.301317,47.708639],[-122.301286,47.708733],[-122.301251,47.708839],[-122.301224,47.708913],[-122.301179,47.709038],[-122.301161,47.709085],[-122.301113,47.709208],[-122.301077,47.709296],[-122.300874,47.709745],[-122.300825,47.709843],[-122.300804,47.709885],[-122.300741,47.710005],[-122.300692,47.710101],[-122.300655,47.710158],[-122.300577,47.710291],[-122.300495,47.710423],[-122.300346,47.710513],[-122.300162,47.710831],[-122.299988,47.711132],[-122.299913,47.711261],[-122.299746,47.71155],[-122.299624,47.711761],[-122.299508,47.711962],[-122.299449,47.712066],[-122.299406,47.712137],[-122.299359,47.712218],[-122.299246,47.712412],[-122.298836,47.713112],[-122.298754,47.713252],[-122.298651,47.713427],[-122.298462,47.713743],[-122.298488,47.713824],[-122.298256,47.714223],[-122.298049,47.714577],[-122.297952,47.714652],[-122.297932,47.714669],[-122.297708,47.715027],[-122.297661,47.715122],[-122.297688,47.715202],[-122.297666,47.715239],[-122.297624,47.715305],[-122.297611,47.715324],[-122.297418,47.715623],[-122.297353,47.715739],[-122.297206,47.716006],[-122.297176,47.716059],[-122.297075,47.716085],[-122.297016,47.7162],[-122.296988,47.716253],[-122.297031,47.716309],[-122.296973,47.716403],[-122.296954,47.716432],[-122.29669,47.716857],[-122.296344,47.717414],[-122.296181,47.717722],[-122.296014,47.717887],[-122.295633,47.718488],[-122.295362,47.718934],[-122.295218,47.719171],[-122.295235,47.71927],[-122.295175,47.719376],[-122.294982,47.719715],[-122.294871,47.719806],[-122.294671,47.720094],[-122.294571,47.720261],[-122.294428,47.720499],[-122.294423,47.720638],[-122.294369,47.720727],[-122.294293,47.720851],[-122.294157,47.721073],[-122.294144,47.721095],[-122.294117,47.721142],[-122.29403,47.721294],[-122.293995,47.721354],[-122.293967,47.721404],[-122.293876,47.721426],[-122.293519,47.722101],[-122.293567,47.722178],[-122.29353,47.722248],[-122.293462,47.722372],[-122.293333,47.722611],[-122.293264,47.722731],[-122.293224,47.722802],[-122.293181,47.722889],[-122.29316,47.722965],[-122.293021,47.723325],[-122.292983,47.723422],[-122.29287,47.723537],[-122.292819,47.723636],[-122.292634,47.724225],[-122.29267,47.724315],[-122.292624,47.724482],[-122.292563,47.7247],[-122.29256,47.724713],[-122.292502,47.72495],[-122.292492,47.724997],[-122.292464,47.725124],[-122.292447,47.725202],[-122.292426,47.725309],[-122.292405,47.725421],[-122.292399,47.725453],[-122.292384,47.725542],[-122.292357,47.725706],[-122.29234,47.72583],[-122.292323,47.725958],[-122.292295,47.726211],[-122.292274,47.726465],[-122.292262,47.726667],[-122.292256,47.726815],[-122.292254,47.726868],[-122.29225,47.72703],[-122.292251,47.727071],[-122.292251,47.72713],[-122.292252,47.727273],[-122.292272,47.728015],[-122.292272,47.728019],[-122.29228,47.728319],[-122.292296,47.728943],[-122.292302,47.72915],[-122.292311,47.729466],[-122.29232,47.729786],[-122.292324,47.729941],[-122.292329,47.730096],[-122.292343,47.73074],[-122.292345,47.730822],[-122.29235,47.731058],[-122.292369,47.731948],[-122.292371,47.732016],[-122.292374,47.73214],[-122.292379,47.732238],[-122.292388,47.732434],[-122.292402,47.732726],[-122.292404,47.732768],[-122.292415,47.733024],[-122.292422,47.733189],[-122.292425,47.733276],[-122.292436,47.733524],[-122.292446,47.73376],[-122.292456,47.733874],[-122.292457,47.73394],[-122.292463,47.734251],[-122.292469,47.734622],[-122.29247,47.734635],[-122.292477,47.734732],[-122.292414,47.734806],[-122.292417,47.73493],[-122.292416,47.73503],[-122.292416,47.735123],[-122.292408,47.735266],[-122.292392,47.735409],[-122.292386,47.735557],[-122.292458,47.735614],[-122.29241,47.735803],[-122.2924,47.735842],[-122.292352,47.735985],[-122.292319,47.736083],[-122.292253,47.736257],[-122.292207,47.736344],[-122.292177,47.736384],[-122.292056,47.736424],[-122.29205,47.736435],[-122.29201,47.7365],[-122.291773,47.736858],[-122.291665,47.736993],[-122.291635,47.737031],[-122.291522,47.737165],[-122.291066,47.737707],[-122.290935,47.737865],[-122.290913,47.737892],[-122.290357,47.73856],[-122.29008,47.738893],[-122.289936,47.739066],[-122.289674,47.739381],[-122.289595,47.739476],[-122.289457,47.739626],[-122.289356,47.739724],[-122.289204,47.739909],[-122.289125,47.740005],[-122.28872,47.740498],[-122.28827,47.741044],[-122.288132,47.741217],[-122.287792,47.741642],[-122.28775,47.741694],[-122.287513,47.74199],[-122.287503,47.742014],[-122.287385,47.742289],[-122.287374,47.742304],[-122.287023,47.742768],[-122.28687,47.743053],[-122.286652,47.7436],[-122.286597,47.743821],[-122.28646,47.744377],[-122.286413,47.74457],[-122.286396,47.744639],[-122.286064,47.746019],[-122.285823,47.746682],[-122.285656,47.747001],[-122.28509,47.747884],[-122.284868,47.748246],[-122.284793,47.748356],[-122.284684,47.748513],[-122.284647,47.748568],[-122.284207,47.749193],[-122.283289,47.750168],[-122.282349,47.750859],[-122.282141,47.751003],[-122.282029,47.751066],[-122.28147,47.751436],[-122.281297,47.751521],[-122.280831,47.751747],[-122.280267,47.752021],[-122.280534,47.75228],[-122.28064,47.752392],[-122.280657,47.752576],[-122.280658,47.75267],[-122.280659,47.752752],[-122.28066,47.752819],[-122.280684,47.755266],[-122.280686,47.75545],[-122.280687,47.755548],[-122.280689,47.75571],[-122.280648,47.75571],[-122.280083,47.755716],[-122.28008,47.755811],[-122.280082,47.755852],[-122.280125,47.755886],[-122.280055,47.755933],[-122.279961,47.755996],[-122.279903,47.756034],[-122.280546,47.756549],[-122.280643,47.756635],[-122.281001,47.756966],[-122.281342,47.757339],[-122.282917,47.759069],[-122.28347,47.759675],[-122.283716,47.759973],[-122.283836,47.760042],[-122.283888,47.760059],[-122.283909,47.760159],[-122.284984,47.761873],[-122.285188,47.762073],[-122.285265,47.762183],[-122.285284,47.762334],[-122.285258,47.762731],[-122.285257,47.763061],[-122.285436,47.763415],[-122.2855,47.763598],[-122.285522,47.763673],[-122.285531,47.763929],[-122.285516,47.764155],[-122.285298,47.76471],[-122.285243,47.764849],[-122.285182,47.765098],[-122.28517,47.765327],[-122.285157,47.765586],[-122.285118,47.765801],[-122.285029,47.765947],[-122.283845,47.76722],[-122.283792,47.767323],[-122.283784,47.767459],[-122.283814,47.767605],[-122.28392,47.767877],[-122.28421,47.768333],[-122.284907,47.768895],[-122.285017,47.769032],[-122.285372,47.769975],[-122.285696,47.770763],[-122.285829,47.77097],[-122.285854,47.771009],[-122.28631,47.771596],[-122.286712,47.772105],[-122.286825,47.772191],[-122.287554,47.772523],[-122.287868,47.772594],[-122.288088,47.772649],[-122.288268,47.772743],[-122.288433,47.772894],[-122.288667,47.773143],[-122.289628,47.774202],[-122.289797,47.774388],[-122.289795,47.774633],[-122.289868,47.774863],[-122.290235,47.77554],[-122.290314,47.775798],[-122.290296,47.776187],[-122.290186,47.776915],[-122.290092,47.777367],[-122.289868,47.778306],[-122.289836,47.77911],[-122.289799,47.779661],[-122.289788,47.780274],[-122.289862,47.781477],[-122.289934,47.781939],[-122.289948,47.781989],[-122.290294,47.783241],[-122.290631,47.78448],[-122.290734,47.78486],[-122.290863,47.785328],[-122.2912,47.786548],[-122.291655,47.788118],[-122.291841,47.788715],[-122.292033,47.789331],[-122.292145,47.789717],[-122.292206,47.790108],[-122.292243,47.790517],[-122.292239,47.791284],[-122.292241,47.791474],[-122.292245,47.791895],[-122.292256,47.79231],[-122.292263,47.792569],[-122.292268,47.792937],[-122.292275,47.793421],[-122.29228,47.793723],[-122.292273,47.794515],[-122.292288,47.795182],[-122.292285,47.796099],[-122.292288,47.796903],[-122.292288,47.796969],[-122.292289,47.797038],[-122.292296,47.797714],[-122.292323,47.798872],[-122.292323,47.799615],[-122.292323,47.799702],[-122.29233,47.80047],[-122.292327,47.800956],[-122.292323,47.801174],[-122.29232,47.801363],[-122.292309,47.801864],[-122.292308,47.80194],[-122.292308,47.802015],[-122.292311,47.802489],[-122.292313,47.80275],[-122.292314,47.80293],[-122.29232,47.803096],[-122.292345,47.803735],[-122.292348,47.804],[-122.292356,47.804535],[-122.292357,47.804614],[-122.292357,47.80471],[-122.29236,47.805424],[-122.292361,47.805738],[-122.292362,47.805881],[-122.292363,47.806314],[-122.292364,47.806446],[-122.292297,47.806567],[-122.292289,47.806967],[-122.292287,47.807119],[-122.292352,47.807209],[-122.292345,47.807394],[-122.292343,47.807558],[-122.292339,47.807935],[-122.292338,47.808135],[-122.292333,47.808889],[-122.292331,47.809126],[-122.292323,47.810215],[-122.29232,47.810513],[-122.292319,47.810616],[-122.292321,47.810721],[-122.292304,47.812271],[-122.292303,47.812393],[-122.292289,47.812967],[-122.292275,47.813526],[-122.292283,47.814724],[-122.292292,47.814967],[-122.292316,47.815561],[-122.29234,47.816188],[-122.29234,47.816215],[-122.292338,47.816549],[-122.292337,47.816778],[-122.292334,47.817181],[-122.292334,47.81732],[-122.292338,47.817462],[-122.292354,47.817908],[-122.292368,47.818324],[-122.292376,47.81855],[-122.292387,47.818902],[-122.292398,47.819216],[-122.292404,47.819385],[-122.2924,47.819649],[-122.292407,47.819965],[-122.292408,47.820309],[-122.292409,47.820416],[-122.292409,47.820501],[-122.29241,47.820806],[-122.292411,47.820941],[-122.29241,47.821112],[-122.292406,47.821529],[-122.292401,47.822045],[-122.292395,47.82274],[-122.292394,47.822809],[-122.292397,47.822927],[-122.292417,47.823963],[-122.292406,47.824588],[-122.2924,47.824903],[-122.292403,47.825448],[-122.292404,47.825731],[-122.292417,47.827132],[-122.292427,47.828148],[-122.292428,47.828251],[-122.29243,47.828338],[-122.292451,47.829312],[-122.292452,47.829522],[-122.292453,47.829594],[-122.292455,47.8298],[-122.292459,47.830302],[-122.29247,47.830857],[-122.292472,47.830936],[-122.292494,47.832036],[-122.292499,47.832341],[-122.292494,47.833079],[-122.292494,47.834024],[-122.292522,47.835549],[-122.292522,47.836038],[-122.292533,47.836561],[-122.29253,47.836691],[-122.292528,47.836912],[-122.292517,47.838299],[-122.292518,47.838386],[-122.29252,47.838715],[-122.292523,47.839159],[-122.29253,47.840061],[-122.292539,47.840722],[-122.292546,47.841006],[-122.29253,47.842242],[-122.292518,47.842805],[-122.29252,47.843022],[-122.292528,47.843653],[-122.292532,47.844017],[-122.292537,47.844431],[-122.292542,47.84493],[-122.292532,47.845665],[-122.292856,47.845664],[-122.293476,47.845661],[-122.29348,47.845982],[-122.293515,47.846039],[-122.29383,47.846105],[-122.294344,47.846212],[-122.294268,47.846367],[-122.29412,47.846413],[-122.294183,47.846583],[-122.294468,47.846542],[-122.294663,47.846514],[-122.294587,47.846706],[-122.294438,47.847083],[-122.294332,47.847349],[-122.294212,47.847651],[-122.2942,47.847681],[-122.294174,47.847762],[-122.294116,47.847941],[-122.293853,47.848616],[-122.29374,47.848928],[-122.293683,47.849087],[-122.293561,47.849427],[-122.293281,47.850206],[-122.293222,47.850339],[-122.292765,47.851366],[-122.292584,47.851781],[-122.292558,47.851841],[-122.292335,47.852299],[-122.292192,47.852595],[-122.291823,47.853357],[-122.291575,47.853697],[-122.291308,47.854061],[-122.291224,47.854176],[-122.291084,47.854328],[-122.290716,47.854728],[-122.290478,47.854988],[-122.290078,47.855423],[-122.290064,47.855439],[-122.289473,47.85612],[-122.289349,47.856245],[-122.289273,47.856331],[-122.288944,47.8567],[-122.288315,47.857398],[-122.288081,47.857622],[-122.287883,47.857811],[-122.287677,47.858026],[-122.287316,47.858401],[-122.287207,47.858518],[-122.286996,47.858744],[-122.286836,47.858916],[-122.285875,47.859946],[-122.285756,47.860073],[-122.285342,47.860518],[-122.285008,47.860875],[-122.284946,47.860942],[-122.284603,47.861309],[-122.284335,47.861596],[-122.284118,47.86183],[-122.283765,47.862207],[-122.283688,47.86229],[-122.283572,47.862414],[-122.283366,47.862635],[-122.282899,47.863136],[-122.282837,47.863203],[-122.28248,47.863585],[-122.282427,47.863643],[-122.282307,47.863775],[-122.282043,47.864065],[-122.28193,47.864188],[-122.281818,47.864312],[-122.281465,47.864698],[-122.281402,47.864767],[-122.280831,47.865392],[-122.280165,47.866121],[-122.279687,47.866625],[-122.278974,47.867388],[-122.278952,47.867411],[-122.278615,47.86778],[-122.278066,47.868381],[-122.277924,47.868536],[-122.277345,47.869153],[-122.276751,47.869785],[-122.276024,47.870559],[-122.275988,47.870598],[-122.275588,47.871024],[-122.275337,47.871292],[-122.275248,47.871386],[-122.275094,47.87155],[-122.274766,47.8719],[-122.274348,47.872345],[-122.274259,47.87244],[-122.274072,47.872639],[-122.273815,47.872912],[-122.273723,47.873011],[-122.273638,47.873098],[-122.273404,47.873342],[-122.272937,47.873847],[-122.272601,47.874209],[-122.272421,47.874401],[-122.272134,47.874707],[-122.271883,47.874973],[-122.271362,47.875528],[-122.271006,47.875907],[-122.270884,47.876036],[-122.270713,47.876218],[-122.270565,47.876376],[-122.270378,47.876581],[-122.27027,47.876687],[-122.269948,47.87703],[-122.269738,47.877267],[-122.269189,47.877856],[-122.267384,47.879764],[-122.267219,47.879958],[-122.267052,47.880134],[-122.266902,47.880292],[-122.266728,47.880476],[-122.266548,47.880666],[-122.265982,47.881263],[-122.26578,47.881477],[-122.265465,47.881826],[-122.265177,47.882144],[-122.265137,47.882189],[-122.264834,47.882535],[-122.264767,47.882608],[-122.264283,47.883135],[-122.263799,47.883648],[-122.263254,47.884242],[-122.262791,47.884745],[-122.262291,47.885278],[-122.26205,47.885533],[-122.261633,47.88598],[-122.261559,47.88606],[-122.261515,47.886107],[-122.26129,47.886349],[-122.261146,47.886503],[-122.260773,47.886904],[-122.26022,47.887497],[-122.259685,47.888072],[-122.259367,47.888414],[-122.259192,47.888601],[-122.259019,47.888787],[-122.258908,47.888906],[-122.258814,47.889007],[-122.258575,47.889265],[-122.258444,47.889406],[-122.258314,47.889543],[-122.258118,47.889751],[-122.257963,47.889914],[-122.257762,47.890125],[-122.257705,47.890185],[-122.257499,47.890403],[-122.257383,47.890525],[-122.257217,47.8907],[-122.257144,47.890778],[-122.256938,47.890999],[-122.25671,47.891245],[-122.256683,47.891273],[-122.256297,47.891688],[-122.256228,47.891763],[-122.256116,47.891884],[-122.255834,47.892186],[-122.255767,47.892258],[-122.25539,47.892663],[-122.255002,47.89308],[-122.254945,47.893141],[-122.254454,47.893666],[-122.254431,47.893689],[-122.254118,47.894024],[-122.253757,47.894411],[-122.253342,47.894855],[-122.253163,47.895047],[-122.253115,47.895098],[-122.253016,47.895204],[-122.252795,47.895441],[-122.252751,47.895488],[-122.252623,47.895625],[-122.252442,47.895819],[-122.252221,47.896063],[-122.252011,47.896293],[-122.251886,47.89643],[-122.251743,47.896582],[-122.251521,47.896818],[-122.251248,47.897108],[-122.250806,47.897577],[-122.250633,47.89776],[-122.250237,47.898181],[-122.249899,47.898539],[-122.249766,47.89868],[-122.249712,47.898738],[-122.249427,47.899041],[-122.249129,47.899357],[-122.248993,47.899502],[-122.248902,47.899598],[-122.248491,47.900034],[-122.247811,47.900762],[-122.247421,47.901181],[-122.247266,47.901347],[-122.24718,47.90144],[-122.246657,47.902002],[-122.246454,47.90222],[-122.246193,47.902501],[-122.246026,47.902678],[-122.245914,47.902796],[-122.245579,47.903151],[-122.245565,47.903166],[-122.245354,47.90339],[-122.245084,47.903683],[-122.24504,47.903731],[-122.244633,47.904173],[-122.244322,47.90451],[-122.244289,47.904542],[-122.244269,47.904563],[-122.243853,47.90501],[-122.243569,47.905314],[-122.243165,47.905749],[-122.242977,47.90595],[-122.242666,47.906283],[-122.242428,47.90654],[-122.242298,47.906678],[-122.242215,47.906768],[-122.241691,47.907331],[-122.241453,47.907586],[-122.241433,47.907609],[-122.241295,47.907757],[-122.241189,47.907871],[-122.241139,47.907924],[-122.240936,47.908144],[-122.240787,47.908305],[-122.240562,47.908547],[-122.240321,47.908808],[-122.240224,47.908913],[-122.239974,47.909184],[-122.239944,47.909215],[-122.239656,47.909522],[-122.239631,47.909555],[-122.239456,47.909738],[-122.239349,47.909852],[-122.239168,47.910047],[-122.239119,47.910101],[-122.239032,47.910195],[-122.238896,47.910335],[-122.238813,47.910421],[-122.238596,47.910645],[-122.238483,47.910762],[-122.238439,47.91081],[-122.238056,47.911222],[-122.237737,47.911574],[-122.237511,47.91182],[-122.237474,47.91186],[-122.237191,47.912167],[-122.237016,47.912353],[-122.236917,47.912458],[-122.236851,47.912529],[-122.236756,47.912629],[-122.236557,47.912841],[-122.236332,47.913079],[-122.236224,47.913193],[-122.235906,47.913531],[-122.235859,47.913581],[-122.235762,47.91369],[-122.235524,47.913956],[-122.235433,47.914058],[-122.235393,47.914103],[-122.235304,47.914196],[-122.235261,47.914241],[-122.235201,47.914303],[-122.235078,47.914419],[-122.234992,47.914521],[-122.234826,47.914693],[-122.234782,47.914739],[-122.234684,47.914841],[-122.234425,47.915111],[-122.234292,47.915255],[-122.234249,47.915302],[-122.234202,47.915353],[-122.233588,47.916024],[-122.233208,47.916425],[-122.23307,47.916573],[-122.232659,47.917016],[-122.232624,47.917053],[-122.232416,47.917278],[-122.232333,47.917367],[-122.232151,47.917563],[-122.231851,47.917885],[-122.231621,47.918133],[-122.231445,47.918323],[-122.231097,47.918697],[-122.230733,47.919089],[-122.230694,47.919131],[-122.230488,47.919352],[-122.229975,47.919901],[-122.229847,47.920038],[-122.229648,47.920242],[-122.229524,47.920384],[-122.229333,47.920588],[-122.22921,47.92072],[-122.229059,47.920881],[-122.228936,47.921013],[-122.228872,47.921082],[-122.22858,47.921394],[-122.228539,47.921438],[-122.228378,47.92161],[-122.228359,47.921631],[-122.228179,47.921824],[-122.228164,47.92184],[-122.228078,47.921932],[-122.227622,47.922417],[-122.2276,47.92244],[-122.227332,47.922724],[-122.227218,47.922847],[-122.226801,47.923309],[-122.226723,47.923403],[-122.22639,47.923757],[-122.226162,47.923995],[-122.225993,47.924172],[-122.225864,47.924313],[-122.225639,47.924561],[-122.225358,47.924834],[-122.225122,47.925092],[-122.224927,47.925284],[-122.224897,47.925315],[-122.224841,47.925378],[-122.224727,47.925495],[-122.224327,47.925926],[-122.223991,47.926261],[-122.223522,47.92675],[-122.222946,47.927355],[-122.222818,47.927489],[-122.22257,47.927781],[-122.222452,47.927874],[-122.222176,47.928219],[-122.222046,47.928354],[-122.221676,47.928754],[-122.221509,47.928943],[-122.221273,47.929263],[-122.221255,47.929293],[-122.221148,47.929482],[-122.221049,47.929654],[-122.220798,47.930093],[-122.220614,47.93057],[-122.220562,47.930692],[-122.220442,47.931017],[-122.220373,47.931259],[-122.220315,47.931464],[-122.220296,47.931533],[-122.220214,47.931833],[-122.220196,47.931901],[-122.220111,47.93218],[-122.220102,47.932219],[-122.220063,47.932363],[-122.220037,47.932459],[-122.220028,47.93249],[-122.219909,47.932932],[-122.219889,47.933006],[-122.219826,47.933236],[-122.219798,47.933339],[-122.219753,47.933504],[-122.219687,47.933745],[-122.219655,47.933865],[-122.219613,47.93402],[-122.219586,47.934118],[-122.219573,47.934164],[-122.219548,47.934256],[-122.219521,47.934358],[-122.219462,47.934578],[-122.21943,47.934703],[-122.219394,47.934842],[-122.219355,47.934992],[-122.219344,47.935033],[-122.219311,47.935162],[-122.219255,47.935379],[-122.219209,47.935558],[-122.219045,47.936193],[-122.218924,47.936634],[-122.218816,47.937018],[-122.218803,47.937065],[-122.218749,47.937254],[-122.21873,47.937325],[-122.218661,47.937571],[-122.218637,47.93766],[-122.218635,47.937668],[-122.218595,47.937811],[-122.218444,47.938353],[-122.218335,47.938744],[-122.218321,47.938801],[-122.218288,47.938932],[-122.218226,47.939169],[-122.218149,47.939493],[-122.218124,47.939593],[-122.217952,47.940282],[-122.217934,47.940357],[-122.217829,47.940758],[-122.217813,47.94082],[-122.217744,47.941118],[-122.217637,47.941472],[-122.217606,47.941579],[-122.217574,47.941683],[-122.21756,47.941736],[-122.217527,47.941858],[-122.217465,47.942093],[-122.217415,47.942281],[-122.217364,47.942471],[-122.217319,47.94264],[-122.217239,47.942938],[-122.217219,47.943022],[-122.217066,47.943604],[-122.217042,47.94368],[-122.216943,47.943948],[-122.216918,47.944004],[-122.216856,47.944141],[-122.216807,47.94425],[-122.216734,47.944417],[-122.216713,47.944467],[-122.216675,47.944555],[-122.216624,47.94467],[-122.216587,47.944753],[-122.21649,47.944973],[-122.216438,47.945089],[-122.216411,47.945151],[-122.216342,47.945306],[-122.216302,47.945398],[-122.216268,47.945474],[-122.216225,47.945572],[-122.216203,47.94562],[-122.216061,47.945941],[-122.216025,47.946029],[-122.215954,47.946197],[-122.215901,47.946324],[-122.215844,47.946461],[-122.215803,47.946552],[-122.21579,47.94658],[-122.21569,47.946801],[-122.215616,47.946965],[-122.215553,47.947103],[-122.215471,47.947285],[-122.215277,47.947712],[-122.215198,47.947897],[-122.215039,47.948244],[-122.214913,47.948519],[-122.214897,47.948554],[-122.214759,47.948856],[-122.214623,47.949157],[-122.214545,47.949329],[-122.214508,47.949417],[-122.21446,47.949533],[-122.214321,47.949872],[-122.214214,47.950133],[-122.214196,47.950178],[-122.214051,47.950561],[-122.214016,47.950653],[-122.213951,47.950863],[-122.213947,47.950878],[-122.21391,47.950998],[-122.213885,47.951075],[-122.213856,47.95117],[-122.213804,47.951357],[-122.213798,47.951381],[-122.213774,47.951464],[-122.213705,47.951713],[-122.213683,47.951793],[-122.213669,47.951844],[-122.213661,47.951887],[-122.213648,47.951955],[-122.213544,47.9525],[-122.213528,47.952583],[-122.213446,47.953037],[-122.213398,47.953316],[-122.213335,47.95369],[-122.213273,47.954058],[-122.213231,47.954311],[-122.213186,47.954575],[-122.213155,47.954761],[-122.213141,47.954847],[-122.213126,47.954936],[-122.213084,47.955184],[-122.213068,47.955278],[-122.213035,47.955384],[-122.21284,47.956009],[-122.212743,47.95625],[-122.212574,47.956668],[-122.212413,47.956954],[-122.21228,47.957188],[-122.211897,47.957865],[-122.211056,47.959351],[-122.210897,47.959709],[-122.210795,47.959993],[-122.21075,47.960146],[-122.21071,47.960383],[-122.210665,47.960654],[-122.210352,47.960661],[-122.210316,47.960662],[-122.209961,47.96067],[-122.209266,47.960688],[-122.208555,47.960701],[-122.208384,47.960704],[-122.208116,47.960711],[-122.208056,47.960712],[-122.207995,47.960713],[-122.207862,47.960716],[-122.207721,47.960717],[-122.207362,47.960734],[-122.206994,47.960802],[-122.206799,47.960895],[-122.206652,47.960961],[-122.206584,47.960965],[-122.206267,47.960954],[-122.206164,47.960965],[-122.206033,47.961006],[-122.205776,47.961122],[-122.204983,47.961779],[-122.204891,47.961959],[-122.204802,47.962567],[-122.2047,47.962909],[-122.204534,47.963079],[-122.204349,47.963218],[-122.204285,47.963373],[-122.204316,47.963551],[-122.204367,47.963659],[-122.203667,47.963886],[-122.20378,47.964029],[-122.203875,47.964187],[-122.203914,47.964311],[-122.203866,47.964456],[-122.203735,47.964556],[-122.2035,47.964628],[-122.202415,47.964742],[-122.201219,47.964867],[-122.200977,47.964874],[-122.200996,47.965251],[-122.201005,47.965419],[-122.201016,47.965615],[-122.201023,47.965741],[-122.201046,47.966139],[-122.201065,47.966483],[-122.201077,47.966712],[-122.201113,47.967386],[-122.201117,47.967448],[-122.201118,47.967523],[-122.201127,47.967887],[-122.201128,47.967914],[-122.201133,47.968127],[-122.201141,47.968464],[-122.201145,47.968608],[-122.201146,47.968675],[-122.201148,47.968761],[-122.201153,47.968867],[-122.201167,47.969207],[-122.201173,47.969344],[-122.201182,47.969543],[-122.201193,47.969804],[-122.201198,47.969923],[-122.201204,47.970076],[-122.20123,47.970664],[-122.201262,47.971384],[-122.201308,47.97244],[-122.201319,47.972702],[-122.201373,47.973931],[-122.201376,47.974013],[-122.201381,47.974112],[-122.201443,47.975343],[-122.201472,47.976075],[-122.201475,47.97616],[-122.201476,47.976185],[-122.20149,47.976537],[-122.201494,47.976652],[-122.201502,47.97682],[-122.201506,47.976891],[-122.20151,47.976989],[-122.20152,47.977195],[-122.201554,47.977897],[-122.201559,47.977991],[-122.201558,47.978111],[-122.201555,47.978775],[-122.201554,47.97906],[-122.201553,47.979221],[-122.201548,47.979347],[-122.201538,47.979655],[-122.201538,47.979952],[-122.201527,47.980541],[-122.201524,47.980769],[-122.20152,47.981117],[-122.201518,47.981304],[-122.201516,47.98145],[-122.201515,47.98157],[-122.201513,47.981749],[-122.201511,47.981885],[-122.201509,47.982043],[-122.201506,47.982328],[-122.201504,47.982535],[-122.201503,47.982572],[-122.201497,47.982862],[-122.20149,47.983195],[-122.201482,47.983785],[-122.20148,47.983933],[-122.201478,47.98403],[-122.201474,47.984326],[-122.201473,47.984421],[-122.201472,47.984496],[-122.201467,47.984604],[-122.201449,47.98507],[-122.201443,47.985222],[-122.201441,47.985259],[-122.201426,47.985624],[-122.201419,47.98581],[-122.201416,47.986018],[-122.201409,47.986525],[-122.201408,47.986597],[-122.201405,47.986797],[-122.201402,47.98704],[-122.201401,47.987121],[-122.201396,47.987223],[-122.201368,47.987784],[-122.201336,47.988442],[-122.201327,47.989502],[-122.201326,47.989592],[-122.201325,47.989757],[-122.201321,47.989978],[-122.201313,47.990401],[-122.201303,47.990909],[-122.2013,47.991074],[-122.201292,47.991458],[-122.201289,47.991596],[-122.201284,47.991828],[-122.201276,47.992226],[-122.201274,47.99229],[-122.201272,47.992399],[-122.201269,47.992508],[-122.201253,47.993003],[-122.201234,47.993627],[-122.201231,47.993713],[-122.201227,47.993803],[-122.201216,47.99403],[-122.201209,47.994188],[-122.201192,47.994534],[-122.201185,47.99503],[-122.20116,47.995477],[-122.20116,47.995519],[-122.20116,47.995739],[-122.201159,47.996018],[-122.201158,47.996254],[-122.201156,47.996347],[-122.201154,47.996418],[-122.201124,47.997],[-122.2011,47.997468],[-122.201089,47.997669],[-122.201084,47.998282],[-122.201079,47.998889],[-122.201078,47.998971],[-122.201075,47.999063],[-122.201074,47.999118],[-122.201054,47.999612],[-122.201039,47.999996],[-122.201031,48.000205],[-122.201027,48.00029],[-122.201025,48.000378],[-122.201014,48.000819],[-122.201015,48.000876],[-122.20101,48.001117],[-122.201007,48.001279],[-122.201002,48.001517],[-122.201,48.001599],[-122.200926,48.001677],[-122.200921,48.002092],[-122.200887,48.002306],[-122.20074,48.002758],[-122.200534,48.003131],[-122.200439,48.003256],[-122.200384,48.003329],[-122.200245,48.003473],[-122.200228,48.003585],[-122.200144,48.003668],[-122.200084,48.003726],[-122.199969,48.003823],[-122.199616,48.004096],[-122.199512,48.004184],[-122.199473,48.004212],[-122.199391,48.004276],[-122.198278,48.005126],[-122.19766,48.005598],[-122.197561,48.005673],[-122.197531,48.005697],[-122.197455,48.005755],[-122.197323,48.00586],[-122.196859,48.006226],[-122.196286,48.006679],[-122.195758,48.007097],[-122.195359,48.007406],[-122.194788,48.007847],[-122.194697,48.007918],[-122.194412,48.008139],[-122.194144,48.008346],[-122.192538,48.009588],[-122.192033,48.009913],[-122.191598,48.010242],[-122.190694,48.010952],[-122.190359,48.011212],[-122.19021,48.011351],[-122.189734,48.011818],[-122.189449,48.012111],[-122.189254,48.012324],[-122.188852,48.012811],[-122.188683,48.013056],[-122.188553,48.013289],[-122.188341,48.013746],[-122.188246,48.01402],[-122.188168,48.014308],[-122.186885,48.01926],[-122.186736,48.019838],[-122.18639,48.020986],[-122.18573,48.022868],[-122.184534,48.026033],[-122.182925,48.030468],[-122.182322,48.032136],[-122.181942,48.033332],[-122.181715,48.034176],[-122.181528,48.034874],[-122.180857,48.037394],[-122.180679,48.038069],[-122.180546,48.03852],[-122.180317,48.039041],[-122.180006,48.039442],[-122.179577,48.039902],[-122.178902,48.040632],[-122.178815,48.040913],[-122.178802,48.041128],[-122.178817,48.041322],[-122.178866,48.041498],[-122.178945,48.041651],[-122.179181,48.041921],[-122.179822,48.042475],[-122.179965,48.042632],[-122.180146,48.042911],[-122.18044,48.043328],[-122.181016,48.044158],[-122.183579,48.048562],[-122.1837,48.048835],[-122.184129,48.049849],[-122.184292,48.050458],[-122.184386,48.051175],[-122.184402,48.051639],[-122.184419,48.052133],[-122.184378,48.055925],[-122.184575,48.060537],[-122.184713,48.06414],[-122.184732,48.065063],[-122.184746,48.065752],[-122.184738,48.068459],[-122.184644,48.070432],[-122.184601,48.079418],[-122.18467,48.096303],[-122.184687,48.104182],[-122.184764,48.113412],[-122.184919,48.118392],[-122.185202,48.12419],[-122.185234,48.12514],[-122.185331,48.126848],[-122.185485,48.128716],[-122.185674,48.132938],[-122.185786,48.134639],[-122.186077,48.137349],[-122.186249,48.13874],[-122.187478,48.145492],[-122.187837,48.147618],[-122.187894,48.147996],[-122.18933,48.15614],[-122.1896,48.1576],[-122.19096,48.165541],[-122.192473,48.174004],[-122.192678,48.175139],[-122.192884,48.175854],[-122.193256,48.176728],[-122.193579,48.177413],[-122.194189,48.178319],[-122.194798,48.179059],[-122.195321,48.179643],[-122.19739,48.182053],[-122.200463,48.185435],[-122.201765,48.186869],[-122.20502,48.190516],[-122.207466,48.193228],[-122.207878,48.193709],[-122.208183,48.194123],[-122.208813,48.195098],[-122.208951,48.195419],[-122.209535,48.196415],[-122.210342,48.198297],[-122.212075,48.20173],[-122.213674,48.204984],[-122.214081,48.205756],[-122.214671,48.207036],[-122.215122,48.208187],[-122.217283,48.21404],[-122.217577,48.214926],[-122.218872,48.218286],[-122.219225,48.219204],[-122.219637,48.220018],[-122.22041,48.221376],[-122.221216,48.222434],[-122.221989,48.223344],[-122.222853,48.224284],[-122.223842,48.225164],[-122.225035,48.226016],[-122.233078,48.231269],[-122.234165,48.232091],[-122.235571,48.233363],[-122.237577,48.235443],[-122.237781,48.235653],[-122.239433,48.237358],[-122.240634,48.238604],[-122.241034,48.239023],[-122.243103,48.241253],[-122.244788,48.243055],[-122.247984,48.246475],[-122.250908,48.249576],[-122.251473,48.250228],[-122.252995,48.251919],[-122.259626,48.259916],[-122.260544,48.260985],[-122.262585,48.262775],[-122.263514,48.26359],[-122.264552,48.264453],[-122.268303,48.267493],[-122.268807,48.267902],[-122.271931,48.270654],[-122.272802,48.271424],[-122.284826,48.281751],[-122.291465,48.287367],[-122.291819,48.287654],[-122.296779,48.291917],[-122.303445,48.297609],[-122.310589,48.303693],[-122.311608,48.304593],[-122.313213,48.305925],[-122.314133,48.30668],[-122.315014,48.307329],[-122.316164,48.308146],[-122.317787,48.309187],[-122.318929,48.310002],[-122.320093,48.310929],[-122.32094,48.311814],[-122.321648,48.312713],[-122.322217,48.31352],[-122.324328,48.316758],[-122.325627,48.318596],[-122.325926,48.319062],[-122.328576,48.323354],[-122.328837,48.323772],[-122.331383,48.327942],[-122.332396,48.329695],[-122.332773,48.330522],[-122.3331,48.331344],[-122.333534,48.332891],[-122.33431,48.336594],[-122.334523,48.337574],[-122.335532,48.342431],[-122.335735,48.343685],[-122.335854,48.345026],[-122.335884,48.345775],[-122.335912,48.346508],[-122.335811,48.35587],[-122.335617,48.366614],[-122.335391,48.376598],[-122.335337,48.377234],[-122.335311,48.377473],[-122.335241,48.3779],[-122.335134,48.378418],[-122.334857,48.379262],[-122.334586,48.379921],[-122.334215,48.38065],[-122.333623,48.381592],[-122.333294,48.382033],[-122.332865,48.382511],[-122.331966,48.38358],[-122.331583,48.384124],[-122.331143,48.384922],[-122.330761,48.385821],[-122.330646,48.386281],[-122.330607,48.386575],[-122.330521,48.387929],[-122.330443,48.390136],[-122.330405,48.393985],[-122.33037,48.395812],[-122.330371,48.397945],[-122.330328,48.399605],[-122.330553,48.402696],[-122.330627,48.403752],[-122.330747,48.405011],[-122.331465,48.413429],[-122.331469,48.414074],[-122.331562,48.414604],[-122.331712,48.415195],[-122.331927,48.415708],[-122.332302,48.416441],[-122.332765,48.417281],[-122.333005,48.41772],[-122.333889,48.419292],[-122.335039,48.421365],[-122.335811,48.422615],[-122.336165,48.423127],[-122.337894,48.425506],[-122.338713,48.426645],[-122.340021,48.428415],[-122.340403,48.429065],[-122.340752,48.429844],[-122.340997,48.430857],[-122.341043,48.431361],[-122.341032,48.432219],[-122.341044,48.432506],[-122.340996,48.435666],[-122.34099,48.436042],[-122.341033,48.438213],[-122.341016,48.440444],[-122.341015,48.440981],[-122.340993,48.443285],[-122.341106,48.446444],[-122.341127,48.447379],[-122.341147,48.448254],[-122.34113,48.449775],[-122.341213,48.452797],[-122.341327,48.457578],[-122.341366,48.458799],[-122.341368,48.459082],[-122.341475,48.463674],[-122.34151,48.464136],[-122.341559,48.46501],[-122.341689,48.46669],[-122.341841,48.468803],[-122.341936,48.470577],[-122.34198,48.4712],[-122.342044,48.471975],[-122.342142,48.4734],[-122.342314,48.475522],[-122.342377,48.476641],[-122.342452,48.47753],[-122.342461,48.478065],[-122.342397,48.47865],[-122.342276,48.479179],[-122.342181,48.479474],[-122.34205,48.479821],[-122.341727,48.480481],[-122.341399,48.480985],[-122.34119,48.48128],[-122.340818,48.481703],[-122.340523,48.482007],[-122.340226,48.482303],[-122.339748,48.482693],[-122.339402,48.482969],[-122.33801,48.483973],[-122.337302,48.484585],[-122.336863,48.485069],[-122.336604,48.48539],[-122.33632,48.485825],[-122.336009,48.486381],[-122.335786,48.48691],[-122.335615,48.487426],[-122.335551,48.487791],[-122.335482,48.488674],[-122.335455,48.489133],[-122.335419,48.491699],[-122.335358,48.493046],[-122.335356,48.493248],[-122.33527,48.497334],[-122.335307,48.498047],[-122.335403,48.498914],[-122.335661,48.500299],[-122.335836,48.500981],[-122.336161,48.501991],[-122.336405,48.502615],[-122.336799,48.503489],[-122.337045,48.504043],[-122.337886,48.505459],[-122.338787,48.506983],[-122.341772,48.512115],[-122.342565,48.513468],[-122.343137,48.514432],[-122.343531,48.515114],[-122.345706,48.518795],[-122.345939,48.519198],[-122.348016,48.522634],[-122.348815,48.524063],[-122.349083,48.524533],[-122.350022,48.5262],[-122.350563,48.527354],[-122.350813,48.527942],[-122.350966,48.528383],[-122.351249,48.529236],[-122.351636,48.531043],[-122.351747,48.532475],[-122.35185,48.54196],[-122.35179,48.542597],[-122.351636,48.543285],[-122.351256,48.544144],[-122.350192,48.546184],[-122.34972,48.547173],[-122.349531,48.547775],[-122.349376,48.548604],[-122.349368,48.549366],[-122.349445,48.550104],[-122.350115,48.552724],[-122.350235,48.553485],[-122.350286,48.554132],[-122.350278,48.55503],[-122.35014,48.55586],[-122.349969,48.556502],[-122.349437,48.557888],[-122.34796,48.561694],[-122.347892,48.562006],[-122.347746,48.562818],[-122.347587,48.564351],[-122.347765,48.568578],[-122.347767,48.570939],[-122.34763,48.572768],[-122.346907,48.57634],[-122.34678,48.576971],[-122.345853,48.581633],[-122.344952,48.585755],[-122.3443,48.589033],[-122.343766,48.591633],[-122.343678,48.592205],[-122.343544,48.59393],[-122.343613,48.595082],[-122.343718,48.595941],[-122.343824,48.596609],[-122.345288,48.604435],[-122.345589,48.60545],[-122.345961,48.606422],[-122.34622,48.606997],[-122.346584,48.607629],[-122.34704,48.608359],[-122.347664,48.609215],[-122.348093,48.609732],[-122.354728,48.617687],[-122.35538,48.618697],[-122.355732,48.619418],[-122.355973,48.620087],[-122.356184,48.620809],[-122.356324,48.621494],[-122.35678,48.625147],[-122.356925,48.626129],[-122.357177,48.627445],[-122.357418,48.628385],[-122.357697,48.629193],[-122.359826,48.634338],[-122.362728,48.641333],[-122.362909,48.641762],[-122.363187,48.642424],[-122.364204,48.644893],[-122.365603,48.648239],[-122.365894,48.648908],[-122.366564,48.650643],[-122.366959,48.651964],[-122.367399,48.653188],[-122.367994,48.654888],[-122.368081,48.655185],[-122.368838,48.656943],[-122.369962,48.65932],[-122.371131,48.66207],[-122.371814,48.664167],[-122.37226,48.665455],[-122.372569,48.666072],[-122.372904,48.666548],[-122.373428,48.667154],[-122.374123,48.66767],[-122.374973,48.668175],[-122.376526,48.668889],[-122.378629,48.66979],[-122.379822,48.670363],[-122.38171,48.671349],[-122.382878,48.671916],[-122.384457,48.672624],[-122.38583,48.67314],[-122.388199,48.673922],[-122.389401,48.674455],[-122.390714,48.675206],[-122.392087,48.676133],[-122.393031,48.676847],[-122.393646,48.677433],[-122.394199,48.678218],[-122.394473,48.67904],[-122.394542,48.679833],[-122.39431,48.680819],[-122.393958,48.682146],[-122.393795,48.683137],[-122.393855,48.683721],[-122.393941,48.684237],[-122.394147,48.684712],[-122.394422,48.685189],[-122.394851,48.685755],[-122.39528,48.686197],[-122.396061,48.686764],[-122.396748,48.687155],[-122.397778,48.687568],[-122.399924,48.688248],[-122.401374,48.68886],[-122.401606,48.689053],[-122.401692,48.689246],[-122.401726,48.689489],[-122.401683,48.689637],[-122.401572,48.68975],[-122.401461,48.689832],[-122.401308,48.689893],[-122.401398,48.689936],[-122.401552,48.69001],[-122.401818,48.690139],[-122.404468,48.691363],[-122.408183,48.693078],[-122.40821,48.69309],[-122.4137,48.695626],[-122.414798,48.696032],[-122.416107,48.696451],[-122.420979,48.697914],[-122.422965,48.69854],[-122.423125,48.698582],[-122.423493,48.698694],[-122.424687,48.699054],[-122.425625,48.69936],[-122.426123,48.699537],[-122.426801,48.699828],[-122.427345,48.700104],[-122.428768,48.701003],[-122.429428,48.70135],[-122.432131,48.702841],[-122.435471,48.70472],[-122.436711,48.705418],[-122.43736,48.705723],[-122.437891,48.705905],[-122.438471,48.706104],[-122.438979,48.706237],[-122.439558,48.706352],[-122.440431,48.706475],[-122.440963,48.70651],[-122.442119,48.706508],[-122.443014,48.706502],[-122.443681,48.706499],[-122.4452,48.706493],[-122.44741,48.706467],[-122.449424,48.706443],[-122.451668,48.706412],[-122.454023,48.706418],[-122.45488,48.706405],[-122.455971,48.706399],[-122.456738,48.706466],[-122.457541,48.706569],[-122.458295,48.706741],[-122.459015,48.706939],[-122.459696,48.707185],[-122.460244,48.707416],[-122.460459,48.707547],[-122.460849,48.707746],[-122.461457,48.708103],[-122.463031,48.709029],[-122.46354,48.709309],[-122.463966,48.709565],[-122.464519,48.709898],[-122.464862,48.710155],[-122.465722,48.710801],[-122.466141,48.711181],[-122.466344,48.711399],[-122.46665,48.711728],[-122.467257,48.712497],[-122.467387,48.712662],[-122.467753,48.713551],[-122.467916,48.71401],[-122.468015,48.714289],[-122.469015,48.717179],[-122.469604,48.718796],[-122.469707,48.71907],[-122.469979,48.719945],[-122.470126,48.720406],[-122.471043,48.723017],[-122.471389,48.724017],[-122.471534,48.724552],[-122.471642,48.725],[-122.471694,48.7253],[-122.471747,48.72585],[-122.471755,48.726372],[-122.471733,48.726783],[-122.471678,48.727155],[-122.471535,48.727987],[-122.471423,48.72842],[-122.47135,48.728613],[-122.471242,48.728884],[-122.471118,48.729086],[-122.470971,48.729273],[-122.470636,48.729602],[-122.470398,48.729801],[-122.470247,48.729897],[-122.46985,48.730186],[-122.46898,48.730758],[-122.468213,48.731296],[-122.468428,48.731381],[-122.468685,48.731653],[-122.469233,48.732455],[-122.469485,48.732861],[-122.469869,48.733641],[-122.469868,48.734063],[-122.469866,48.734799],[-122.469864,48.735435],[-122.469862,48.738003],[-122.469862,48.738233],[-122.469854,48.739336],[-122.469814,48.739501],[-122.469778,48.739651],[-122.470049,48.73983],[-122.470294,48.739992],[-122.470783,48.740315],[-122.471307,48.740658],[-122.471698,48.740915],[-122.471886,48.74101],[-122.471826,48.742376],[-122.471814,48.74289],[-122.471806,48.743268],[-122.471795,48.743792],[-122.471783,48.744543],[-122.471776,48.745015],[-122.472027,48.745107],[-122.472442,48.745379],[-122.472959,48.745718],[-122.473492,48.746064],[-122.473994,48.74639],[-122.474543,48.746746],[-122.475025,48.747059],[-122.475543,48.747398],[-122.476052,48.74773],[-122.476591,48.748071],[-122.477091,48.748407],[-122.477619,48.748752],[-122.478143,48.749076],[-122.478639,48.749414],[-122.479163,48.749752],[-122.47969,48.750094],[-122.480199,48.750424],[-122.480743,48.750774],[-122.48101,48.750946],[-122.481236,48.751096],[-122.481012,48.751251],[-122.481025,48.751877],[-122.481046,48.752862],[-122.481066,48.753873],[-122.481072,48.754132],[-122.481085,48.754773],[-122.481087,48.754884],[-122.481094,48.754916],[-122.48111,48.754961],[-122.481172,48.755006],[-122.481202,48.755023],[-122.481546,48.755238],[-122.481635,48.755297],[-122.482333,48.755797],[-122.482999,48.756243],[-122.483787,48.756728],[-122.484563,48.757241],[-122.485335,48.757737],[-122.486089,48.758251],[-122.486838,48.758743],[-122.487603,48.759241],[-122.488213,48.759664],[-122.488298,48.759738],[-122.488383,48.759813],[-122.488386,48.759974],[-122.488396,48.760616],[-122.488406,48.76178],[-122.488407,48.761882],[-122.488405,48.761979],[-122.488384,48.763138],[-122.488379,48.764381],[-122.488386,48.764768],[-122.489083,48.765609],[-122.48913,48.765666],[-122.489202,48.765755],[-122.491094,48.768095],[-122.491176,48.768196],[-122.491226,48.768259],[-122.491788,48.768956],[-122.49191,48.769107],[-122.492601,48.769962],[-122.492663,48.770038],[-122.493937,48.771617],[-122.494599,48.772436],[-122.494827,48.772719],[-122.494991,48.772923],[-122.495664,48.773721],[-122.495767,48.773851],[-122.495833,48.773934],[-122.495924,48.774046],[-122.496701,48.77501],[-122.497212,48.775644],[-122.497338,48.775604],[-122.497562,48.775548],[-122.497654,48.775546],[-122.497807,48.775576],[-122.499795,48.776154],[-122.50178,48.776695],[-122.502139,48.776802],[-122.502256,48.776837],[-122.502723,48.776992],[-122.503108,48.777139],[-122.503154,48.777161],[-122.503473,48.777309],[-122.504027,48.777617],[-122.50739,48.779902],[-122.509459,48.781312],[-122.511192,48.782454],[-122.514509,48.784704],[-122.515512,48.785378],[-122.516525,48.786094],[-122.517945,48.787062],[-122.518234,48.787354],[-122.518574,48.787732],[-122.518684,48.787936],[-122.51881,48.78835],[-122.518825,48.788533],[-122.518884,48.789165],[-122.51897,48.789493],[-122.519099,48.78977],[-122.519236,48.789956],[-122.519394,48.790117],[-122.519785,48.790363],[-122.521285,48.791125],[-122.521968,48.7915],[-122.522908,48.792118],[-122.524906,48.793523],[-122.525209,48.793784],[-122.530525,48.799255],[-122.535864,48.804762],[-122.537544,48.806496],[-122.544601,48.813778],[-122.546009,48.815213],[-122.549064,48.818367],[-122.550867,48.820215],[-122.553246,48.822693],[-122.563545,48.833288],[-122.567031,48.836828],[-122.568819,48.838683],[-122.569359,48.839202],[-122.57002,48.839948],[-122.570729,48.840822],[-122.571673,48.842254],[-122.572031,48.842844],[-122.57264,48.843653],[-122.572821,48.843871],[-122.574231,48.845377],[-122.575991,48.847169],[-122.578765,48.850014],[-122.578848,48.850156],[-122.57937,48.850648],[-122.581106,48.852228],[-122.581614,48.852735],[-122.582147,48.853206],[-122.583577,48.854721],[-122.584109,48.8553],[-122.584968,48.856384],[-122.585107,48.856542],[-122.585305,48.856858],[-122.585612,48.857813],[-122.585832,48.858093],[-122.585998,48.858233],[-122.586119,48.858356],[-122.586334,48.858601],[-122.587089,48.859603],[-122.587366,48.86002],[-122.587554,48.860375],[-122.587643,48.860626],[-122.587715,48.861066],[-122.587928,48.862178],[-122.58815,48.86445],[-122.588452,48.867235],[-122.588963,48.872543],[-122.588875,48.876204],[-122.588642,48.883424],[-122.588625,48.884438],[-122.588689,48.885084],[-122.588837,48.885729],[-122.589251,48.886573],[-122.589632,48.887153],[-122.590114,48.887691],[-122.590505,48.888065],[-122.591123,48.888569],[-122.592803,48.889617],[-122.594328,48.890533],[-122.599884,48.893906],[-122.600123,48.894056],[-122.602577,48.895588],[-122.605702,48.897446],[-122.610978,48.900634],[-122.616681,48.904101],[-122.617691,48.904769],[-122.618957,48.905664],[-122.619272,48.905892],[-122.624151,48.909516],[-122.62615,48.911159],[-122.627363,48.912323],[-122.630588,48.916101],[-122.632684,48.91861],[-122.633951,48.919917],[-122.635501,48.921261],[-122.636566,48.922109],[-122.639772,48.924223],[-122.643072,48.926349],[-122.644404,48.927092],[-122.646655,48.928209],[-122.65063,48.930097],[-122.656573,48.933014],[-122.658936,48.934112],[-122.664247,48.936683],[-122.66606,48.937703],[-122.667417,48.938616],[-122.682952,48.948915],[-122.6867,48.951443],[-122.694282,48.956425],[-122.696545,48.957974],[-122.701221,48.961033],[-122.708758,48.965309],[-122.716956,48.97],[-122.717985,48.97076],[-122.7192,48.971721],[-122.720192,48.972547],[-122.720395,48.972697],[-122.72668,48.977843],[-122.728568,48.979392],[-122.729192,48.979996],[-122.730109,48.980932],[-122.732952,48.984309],[-122.733366,48.984794],[-122.734885,48.986155],[-122.735523,48.986704],[-122.736323,48.987301],[-122.737953,48.988417],[-122.739538,48.989502],[-122.740879,48.990414],[-122.744374,48.993363],[-122.744913,48.993764],[-122.745356,48.994073],[-122.745746,48.994311],[-122.746186,48.994556],[-122.747255,48.995106],[-122.74867,48.995855],[-122.749013,48.996023],[-122.750229,48.996661],[-122.750648,48.996909],[-122.75107,48.997171],[-122.751511,48.997466],[-122.751741,48.997634],[-122.752277,48.998059],[-122.752379,48.99814],[-122.752674,48.998326],[-122.752878,48.998509],[-122.753093,48.998813],[-122.753169,48.998899],[-122.753293,48.998993],[-122.75347,48.999147],[-122.753594,48.99932],[-122.753762,48.9995],[-122.754501,49.000268],[-122.754797,49.000565],[-122.755395,49.001245],[-122.755581,49.001472],[-122.755789,49.001721],[-122.756004,49.002086],[-122.756726,49.003092],[-122.756757,49.003156],[-122.756862,49.003375],[-122.756907,49.003517],[-122.756905,49.003828],[-122.756913,49.004776],[-122.75691,49.004874],[-122.756903,49.00502],[-122.756995,49.005309],[-122.757008,49.005447],[-122.757012,49.005973],[-122.757019,49.006153],[-122.757032,49.006268],[-122.757087,49.006454],[-122.757142,49.006575],[-122.757247,49.006774],[-122.757327,49.006965],[-122.757362,49.007114],[-122.75738,49.007292],[-122.757381,49.007376],[-122.757387,49.007489],[-122.75739,49.007875],[-122.757395,49.00835],[-122.757399,49.008586],[-122.757407,49.009478],[-122.75743,49.009691],[-122.757434,49.010103],[-122.757439,49.01053],[-122.75743,49.011377],[-122.757418,49.011553],[-122.757524,49.012854],[-122.757659,49.013294],[-122.757809,49.013667],[-122.758261,49.014536],[-122.758839,49.015531],[-122.760142,49.017826],[-122.761668,49.020642],[-122.76336,49.023608],[-122.764211,49.025013],[-122.765268,49.026903],[-122.765839,49.027723],[-122.766728,49.028775],[-122.767447,49.029518],[-122.768065,49.03009],[-122.770897,49.032628],[-122.771755,49.033402],[-122.773068,49.034586],[-122.781076,49.041788],[-122.784123,49.044579],[-122.785591,49.045872],[-122.786916,49.047087],[-122.787617,49.047729],[-122.789814,49.049704],[-122.792363,49.051999],[-122.793374,49.052834],[-122.794294,49.053557],[-122.795942,49.054732],[-122.799418,49.057286],[-122.800946,49.05836],[-122.80262,49.05962],[-122.804181,49.060762],[-122.804611,49.061077],[-122.805607,49.061791],[-122.807881,49.063428],[-122.808226,49.063686],[-122.809469,49.06462],[-122.813237,49.067319],[-122.813679,49.067652],[-122.814129,49.067995],[-122.814423,49.068217],[-122.814705,49.068432],[-122.815948,49.069323],[-122.818438,49.07112],[-122.819657,49.07202],[-122.820673,49.072802],[-122.821631,49.073471],[-122.824866,49.075817],[-122.826522,49.077033],[-122.827434,49.077676],[-122.829006,49.078842],[-122.830798,49.080133],[-122.834103,49.082551],[-122.835905,49.083832],[-122.837476,49.08499],[-122.839742,49.086642],[-122.840746,49.08738],[-122.841484,49.087874],[-122.841845,49.088087],[-122.842789,49.088543],[-122.843982,49.088953],[-122.844617,49.08911],[-122.845235,49.089234],[-122.846067,49.089324],[-122.848213,49.089465],[-122.852196,49.089729],[-122.852937,49.089776],[-122.855124,49.08991],[-122.856561,49.090007],[-122.860257,49.090237],[-122.861723,49.090324],[-122.865002,49.090504],[-122.86865,49.090735],[-122.871719,49.090938],[-122.871765,49.090932],[-122.874567,49.091109],[-122.878151,49.091336],[-122.88833,49.091976],[-122.89112,49.092137],[-122.891821,49.092235],[-122.892467,49.092367],[-122.892963,49.0925],[-122.893464,49.092696],[-122.893757,49.092852],[-122.89404,49.093037],[-122.894517,49.093387],[-122.895008,49.093978],[-122.895048,49.094041],[-122.895224,49.094322],[-122.895965,49.095543],[-122.897133,49.097431],[-122.898259,49.099235],[-122.902951,49.106759],[-122.903779,49.108106],[-122.904605,49.109223],[-122.905149,49.109818],[-122.905513,49.110171],[-122.906021,49.110615],[-122.906781,49.111207],[-122.909279,49.112676],[-122.910662,49.11329],[-122.912352,49.113813],[-122.913445,49.114112],[-122.914657,49.114385],[-122.914877,49.114428],[-122.915486,49.11455],[-122.917391,49.114888],[-122.918897,49.115134],[-122.920617,49.115502],[-122.922062,49.115963],[-122.923659,49.116701],[-122.924796,49.117377],[-122.925438,49.117901],[-122.925861,49.118339],[-122.926296,49.11879],[-122.926626,49.119227],[-122.926664,49.119306],[-122.92709,49.120077],[-122.927203,49.120336],[-122.927458,49.121057],[-122.927732,49.122695],[-122.927901,49.124533],[-122.927912,49.124665],[-122.928074,49.127799],[-122.92817,49.129154],[-122.928242,49.130233],[-122.928339,49.131262],[-122.928451,49.132846],[-122.928533,49.133445],[-122.928656,49.1339],[-122.928679,49.133976],[-122.928715,49.134065],[-122.928815,49.134285],[-122.929136,49.134821],[-122.929757,49.135506],[-122.93054,49.136326],[-122.93102,49.136827],[-122.932119,49.138053],[-122.934402,49.140442],[-122.934648,49.140772],[-122.934977,49.141259],[-122.935186,49.141667],[-122.93608,49.143715],[-122.93784,49.148002],[-122.938054,49.148516],[-122.938123,49.148662],[-122.940999,49.155611],[-122.943792,49.162636],[-122.94535,49.166155],[-122.945766,49.166882],[-122.946317,49.167531],[-122.946738,49.167958],[-122.947226,49.168349],[-122.947472,49.168527],[-122.94948,49.16979],[-122.95056,49.170506],[-122.951576,49.171161],[-122.952835,49.171977],[-122.953413,49.172337],[-122.953743,49.172564],[-122.954013,49.172793],[-122.954254,49.173051],[-122.95445,49.173317],[-122.95456,49.173572],[-122.954647,49.173736],[-122.95477,49.174157],[-122.954846,49.174532],[-122.954877,49.174752],[-122.954976,49.175189],[-122.955057,49.175445],[-122.955218,49.17579],[-122.9554,49.176053],[-122.955657,49.176314],[-122.955936,49.17653],[-122.95631,49.17675],[-122.956766,49.176993],[-122.957235,49.177141],[-122.957536,49.177211],[-122.958106,49.177301],[-122.958839,49.177403],[-122.95927,49.177464],[-122.959727,49.177558],[-122.960197,49.177704],[-122.960589,49.177874],[-122.960951,49.17809],[-122.961271,49.178341],[-122.961533,49.178626],[-122.96171,49.178911],[-122.961836,49.179233],[-122.961925,49.179703],[-122.961878,49.180295],[-122.961617,49.180982],[-122.961377,49.181334],[-122.961084,49.181654],[-122.960735,49.181931],[-122.960232,49.182262],[-122.959615,49.182589],[-122.959045,49.182795],[-122.958421,49.18297],[-122.957494,49.18317],[-122.956879,49.183301],[-122.955763,49.183539],[-122.954891,49.183751],[-122.954262,49.183946],[-122.953458,49.184239],[-122.953135,49.184379],[-122.952771,49.184557],[-122.952398,49.184739],[-122.952007,49.184965],[-122.951633,49.185208],[-122.951203,49.185439],[-122.949676,49.186542],[-122.949113,49.186935],[-122.948143,49.187429],[-122.948039,49.187495],[-122.947869,49.187602],[-122.947578,49.187805],[-122.947222,49.188071],[-122.946709,49.188399],[-122.946246,49.1886],[-122.945617,49.188801],[-122.945098,49.188971],[-122.944142,49.189308],[-122.943639,49.189559],[-122.943201,49.189857],[-122.942985,49.190031],[-122.942896,49.190208],[-122.942833,49.190289],[-122.94272,49.190427],[-122.942623,49.19057],[-122.942588,49.190649],[-122.942497,49.190872],[-122.942437,49.191135],[-122.942427,49.191415],[-122.942451,49.191603],[-122.942587,49.191992],[-122.942706,49.192183],[-122.942938,49.192476],[-122.943207,49.192761],[-122.948025,49.197258],[-122.949131,49.19827],[-122.949319,49.198568],[-122.949339,49.198754],[-122.949292,49.198915],[-122.949151,49.199091],[-122.948956,49.199238],[-122.948509,49.199427],[-122.945603,49.199995],[-122.945429,49.200029],[-122.945195,49.200077],[-122.945485,49.200553],[-122.945707,49.200784],[-122.945868,49.200846],[-122.946025,49.200986],[-122.946416,49.201303],[-122.946747,49.201561],[-122.946841,49.201635],[-122.947555,49.202201],[-122.947975,49.202532],[-122.948335,49.202848],[-122.948799,49.203219],[-122.949146,49.203495],[-122.949265,49.20359],[-122.949478,49.203759],[-122.94956,49.203824],[-122.949707,49.203941],[-122.949928,49.204117],[-122.950185,49.204322],[-122.950314,49.204425],[-122.950373,49.204472],[-122.950641,49.204684],[-122.950726,49.204753],[-122.951106,49.205056],[-122.95155,49.205419],[-122.95184,49.20564],[-122.951929,49.20573],[-122.952033,49.205809],[-122.952098,49.205862],[-122.9524,49.206162],[-122.952709,49.206538],[-122.952906,49.207048],[-122.952951,49.208653],[-122.953055,49.209034],[-122.953284,49.209415],[-122.953719,49.209855],[-122.953976,49.210032],[-122.954914,49.210655],[-122.955581,49.211183],[-122.955622,49.211216],[-122.956532,49.212141],[-122.956936,49.212469],[-122.957279,49.21275],[-122.957644,49.213039],[-122.957725,49.213103],[-122.957811,49.213169],[-122.958555,49.213789],[-122.959004,49.214116],[-122.95978,49.214699],[-122.960026,49.214897],[-122.960283,49.21512],[-122.96054,49.215346],[-122.960769,49.215647],[-122.960932,49.216199],[-122.960933,49.216742],[-122.960933,49.216836],[-122.960934,49.21718],[-122.960934,49.217997],[-122.960934,49.218409],[-122.960985,49.218446],[-122.961523,49.218442],[-122.96401,49.218421],[-122.964144,49.218421],[-122.964776,49.218418],[-122.96487,49.218473],[-122.965542,49.218587],[-122.96768,49.219046],[-122.967766,49.219064],[-122.968105,49.219135],[-122.968231,49.219158],[-122.968328,49.219137],[-122.970828,49.219664],[-122.972016,49.219925],[-122.972749,49.220088],[-122.972934,49.220131],[-122.973267,49.220209],[-122.973487,49.220261],[-122.97476,49.220561],[-122.97612,49.220919],[-122.976307,49.220978],[-122.977555,49.221373],[-122.978726,49.221734],[-122.978895,49.221786],[-122.979039,49.221832],[-122.97944,49.22196],[-122.98023,49.222218],[-122.980748,49.222373],[-122.981035,49.222475],[-122.982427,49.222912],[-122.983062,49.223118],[-122.984274,49.223514],[-122.984385,49.22355],[-122.98524,49.223823],[-122.985847,49.224016],[-122.986198,49.224128],[-122.986761,49.224308],[-122.987778,49.224632],[-122.988915,49.224995],[-122.990156,49.225399],[-122.990325,49.225452],[-122.991574,49.225862],[-122.991883,49.226009],[-122.994023,49.226722],[-122.994157,49.226767],[-122.994317,49.226823],[-122.994726,49.226953],[-122.995095,49.227079],[-122.996222,49.227448],[-122.996398,49.227509],[-122.996616,49.227578],[-122.997697,49.227916],[-122.998467,49.228155],[-122.999264,49.22842],[-123.001163,49.229077],[-123.002137,49.229391],[-123.002418,49.229485],[-123.002573,49.229531],[-123.002712,49.229579],[-123.002864,49.229634],[-123.004586,49.230195],[-123.004719,49.230237],[-123.004854,49.230281],[-123.00504,49.23034],[-123.006236,49.230737],[-123.007286,49.231086],[-123.007635,49.231146],[-123.007799,49.231204],[-123.00849,49.231421],[-123.009517,49.231766],[-123.009804,49.231862],[-123.010789,49.232181],[-123.011386,49.232348],[-123.012504,49.232597],[-123.012657,49.23264],[-123.01277,49.232665],[-123.01299,49.232713],[-123.013497,49.232774],[-123.014038,49.232811],[-123.014219,49.232817],[-123.014939,49.232847],[-123.01568,49.232837],[-123.01573,49.232833],[-123.015827,49.232827],[-123.017018,49.232772],[-123.018704,49.232629],[-123.019,49.232609],[-123.019322,49.232586],[-123.019547,49.232572],[-123.020204,49.232529],[-123.020505,49.232553],[-123.020658,49.232544],[-123.020753,49.232539],[-123.020851,49.232532],[-123.021364,49.23251],[-123.022006,49.232467],[-123.022828,49.232415],[-123.023245,49.232394],[-123.023279,49.232392],[-123.023391,49.232387],[-123.023587,49.232377],[-123.0237,49.232371],[-123.024816,49.232308],[-123.025515,49.232261],[-123.02591,49.232246],[-123.026477,49.232226],[-123.028135,49.232137],[-123.029267,49.232086],[-123.029773,49.232063],[-123.030285,49.232039],[-123.030596,49.232039],[-123.030942,49.232059],[-123.031113,49.232068],[-123.031391,49.232116],[-123.03178,49.232199],[-123.032127,49.232314],[-123.032458,49.232446],[-123.033171,49.23282],[-123.033979,49.233237],[-123.035698,49.234119],[-123.035725,49.234132],[-123.035808,49.234175],[-123.035903,49.234223],[-123.035963,49.234253],[-123.036811,49.234694],[-123.037787,49.235084],[-123.037902,49.235129],[-123.038672,49.235428],[-123.039067,49.235566],[-123.039492,49.235678],[-123.039894,49.23576],[-123.040335,49.235817],[-123.040714,49.235857],[-123.041252,49.235913],[-123.042148,49.235987],[-123.042245,49.235995],[-123.042492,49.236015],[-123.044213,49.236156],[-123.045004,49.236252],[-123.04549,49.236368],[-123.045806,49.236477],[-123.046653,49.236765],[-123.047578,49.237108],[-123.048052,49.237308],[-123.04868,49.237597],[-123.048824,49.237665],[-123.048911,49.237706],[-123.049566,49.238004],[-123.049965,49.238185],[-123.050156,49.238272],[-123.051567,49.238928],[-123.051877,49.239071],[-123.051983,49.239118],[-123.052097,49.239178],[-123.052517,49.239371],[-123.053211,49.239715],[-123.053846,49.240006],[-123.053881,49.240019],[-123.053986,49.240071],[-123.054099,49.240122],[-123.054606,49.240352],[-123.054907,49.240486],[-123.056381,49.24115],[-123.056909,49.241406],[-123.057442,49.241652],[-123.057864,49.241848],[-123.058001,49.241912],[-123.058129,49.241966],[-123.059102,49.242402],[-123.060706,49.243106],[-123.061365,49.243405],[-123.061764,49.243606],[-123.063658,49.244517],[-123.06429,49.244834],[-123.064547,49.244958],[-123.064956,49.245155],[-123.065169,49.245258],[-123.06586,49.245548],[-123.066504,49.245845],[-123.067217,49.246171],[-123.067825,49.24645],[-123.068617,49.246831],[-123.068679,49.246859],[-123.068757,49.246894],[-123.068923,49.246974],[-123.069935,49.247441],[-123.071294,49.248086],[-123.072075,49.24845],[-123.072158,49.248488],[-123.072438,49.248616],[-123.073094,49.248913],[-123.073423,49.249055],[-123.073534,49.249102],[-123.075832,49.250053],[-123.075963,49.250112],[-123.07615,49.250215],[-123.076718,49.250513],[-123.077785,49.251124],[-123.078199,49.251332],[-123.079891,49.252117],[-123.081793,49.253018],[-123.083549,49.253838],[-123.083697,49.253909],[-123.085608,49.254807],[-123.087412,49.255639],[-123.08893,49.25637],[-123.089602,49.256683],[-123.089712,49.256732],[-123.089844,49.256792],[-123.08995,49.256839],[-123.090791,49.257215],[-123.090981,49.257288],[-123.091461,49.257418],[-123.091759,49.257467],[-123.092272,49.257554],[-123.092459,49.257597],[-123.092943,49.257772],[-123.093118,49.257858],[-123.094384,49.258574],[-123.095117,49.258992],[-123.095745,49.259367],[-123.096035,49.259545],[-123.096243,49.259701],[-123.096391,49.259835],[-123.09668,49.260093],[-123.097678,49.261077],[-123.098579,49.261981],[-123.099407,49.262844],[-123.100124,49.263678],[-123.100399,49.263987],[-123.100501,49.264096],[-123.10053,49.264165],[-123.100769,49.264467],[-123.100795,49.264602],[-123.100792,49.265324],[-123.100846,49.2655],[-123.100811,49.266402],[-123.100776,49.267312],[-123.100753,49.267897],[-123.100756,49.268221],[-123.100675,49.268299],[-123.100639,49.268914],[-123.100631,49.268991],[-123.100619,49.269111],[-123.100587,49.26967],[-123.100574,49.270065],[-123.100569,49.270142],[-123.100567,49.270195],[-123.100554,49.270485],[-123.100528,49.270705],[-123.100506,49.270895],[-123.100431,49.271092],[-123.10012,49.27164],[-123.100001,49.271913],[-123.09997,49.272067],[-123.099958,49.272618],[-123.09995,49.272708],[-123.099939,49.272868],[-123.099937,49.272949],[-123.099844,49.274791],[-123.099836,49.274922],[-123.099793,49.276019],[-123.099786,49.276767],[-123.099784,49.276926],[-123.099742,49.27756],[-123.099934,49.277557],[-123.099982,49.277557],[-123.100035,49.277554],[-123.100458,49.277544],[-123.102732,49.277454],[-123.103601,49.277455],[-123.103773,49.277447],[-123.104121,49.277448],[-123.104773,49.277481],[-123.105321,49.277525],[-123.106161,49.27765],[-123.106683,49.277756],[-123.107398,49.27797],[-123.108146,49.278295],[-123.108583,49.278535],[-123.108955,49.278769],[-123.10982,49.279343],[-123.109944,49.279423],[-123.11003,49.279479],[-123.110452,49.279792],[-123.110548,49.279855],[-123.110644,49.279917],[-123.110765,49.279991],[-123.111534,49.280465],[-123.112511,49.281096],[-123.112996,49.280769],[-123.113885,49.280182],[-123.114219,49.279973],[-123.115198,49.28058],[-123.115678,49.280907],[-123.116154,49.281222],[-123.116652,49.281543],[-123.117039,49.281794],[-123.117135,49.281856],[-123.117214,49.281907],[-123.118051,49.282435],[-123.118117,49.282479],[-123.11821,49.28254],[-123.119039,49.28308],[-123.119115,49.283129],[-123.119205,49.283188],[-123.119602,49.283446],[-123.120005,49.283708],[-123.120036,49.283729],[-123.120095,49.283764],[-123.120013,49.283819]]","242817.8"
"1","2","1","0","2018-08-16T15:41Z","2018-08-16T15:41Z","0","0","47.476803","-122.259781","49.28381","-123.12","47.476803","-122.259781","49.283819","-123.120013","0","0","[[-122.259781,47.476803],[-122.260115,47.477022],[-122.260215,47.477087],[-122.260283,47.477132],[-122.260909,47.477541],[-122.261253,47.477767],[-122.26152,47.477942],[-122.261875,47.478177],[-122.262162,47.478367],[-122.262497,47.478589],[-122.262616,47.478667],[-122.262824,47.478805],[-122.263419,47.479212],[-122.263989,47.479602],[-122.265015,47.480303],[-122.265735,47.480796],[-122.265953,47.480938],[-122.266524,47.481312],[-122.267063,47.48163],[-122.267286,47.481761],[-122.26772,47.482017],[-122.268219,47.482311],[-122.268367,47.482397],[-122.268931,47.48273],[-122.269082,47.482819],[-122.269327,47.482964],[-122.269402,47.483057],[-122.269488,47.483261],[-122.269508,47.483366],[-122.269262,47.483888],[-122.269144,47.484242],[-122.268936,47.484602],[-122.268739,47.484831],[-122.268682,47.484887],[-122.268112,47.485355],[-122.267434,47.486034],[-122.265747,47.487345],[-122.265203,47.487855],[-122.264864,47.48823],[-122.264634,47.488582],[-122.264425,47.488992],[-122.264327,47.489299],[-122.264271,47.489572],[-122.26424,47.489901],[-122.264238,47.490266],[-122.264295,47.490613],[-122.264408,47.490964],[-122.264565,47.491295],[-122.264794,47.491631],[-122.264985,47.491886],[-122.265266,47.4922],[-122.265781,47.492675],[-122.271467,47.497366],[-122.272531,47.498338],[-122.273718,47.49948],[-122.27429,47.50022],[-122.274974,47.500926],[-122.277311,47.503184],[-122.277672,47.503664],[-122.277811,47.503859],[-122.27799,47.504277],[-122.278077,47.504458],[-122.278174,47.504753],[-122.27824,47.505136],[-122.278266,47.50575],[-122.27824,47.506898],[-122.27825,47.507157],[-122.278267,47.507602],[-122.27826,47.50802],[-122.278276,47.509683],[-122.278277,47.509842],[-122.278421,47.511465],[-122.278591,47.512852],[-122.278685,47.513496],[-122.278711,47.513723],[-122.278787,47.514418],[-122.278841,47.514906],[-122.2789,47.515447],[-122.279039,47.51632],[-122.279097,47.51661],[-122.279117,47.516712],[-122.279186,47.517063],[-122.279213,47.517163],[-122.279397,47.51788],[-122.279495,47.518258],[-122.279547,47.518467],[-122.279756,47.519397],[-122.279811,47.519918],[-122.279795,47.520218],[-122.279746,47.520584],[-122.27957,47.521294],[-122.279479,47.521605],[-122.279372,47.521973],[-122.279281,47.522256],[-122.279149,47.522702],[-122.279027,47.523118],[-122.278984,47.523264],[-122.278927,47.523544],[-122.278876,47.523824],[-122.278802,47.524155],[-122.278774,47.524272],[-122.278713,47.524648],[-122.278705,47.524932],[-122.278731,47.525225],[-122.278801,47.52557],[-122.278813,47.525602],[-122.278857,47.525725],[-122.279061,47.526124],[-122.279924,47.527774],[-122.279981,47.527879],[-122.280094,47.5281],[-122.280229,47.528375],[-122.280333,47.528613],[-122.28044,47.528958],[-122.280492,47.529207],[-122.28054,47.529566],[-122.280556,47.529821],[-122.280564,47.529962],[-122.280574,47.530837],[-122.280575,47.531033],[-122.280579,47.531537],[-122.28059,47.531939],[-122.280601,47.532165],[-122.280601,47.53252],[-122.280609,47.53275],[-122.280613,47.532926],[-122.280627,47.533394],[-122.280632,47.533469],[-122.280637,47.533666],[-122.280641,47.534068],[-122.280648,47.53482],[-122.280651,47.53509],[-122.280651,47.53516],[-122.280653,47.53529],[-122.280651,47.535449],[-122.280649,47.535563],[-122.280657,47.535907],[-122.280658,47.535927],[-122.280664,47.536022],[-122.28067,47.536111],[-122.280736,47.536462],[-122.280898,47.536934],[-122.280947,47.537053],[-122.28102,47.537231],[-122.281086,47.537366],[-122.281409,47.538022],[-122.281599,47.538394],[-122.281644,47.538492],[-122.28179,47.538768],[-122.281858,47.538897],[-122.282002,47.539157],[-122.282836,47.540659],[-122.282894,47.540761],[-122.283688,47.542474],[-122.283886,47.542867],[-122.284048,47.543188],[-122.284402,47.54389],[-122.284515,47.544113],[-122.284686,47.544454],[-122.284774,47.544627],[-122.284954,47.545027],[-122.285085,47.545317],[-122.285183,47.545513],[-122.285451,47.546048],[-122.285593,47.546335],[-122.285955,47.54707],[-122.286106,47.547376],[-122.286457,47.548104],[-122.286499,47.548195],[-122.286607,47.548424],[-122.286854,47.548972],[-122.287238,47.549779],[-122.287473,47.550269],[-122.287657,47.550652],[-122.287678,47.550697],[-122.287933,47.551226],[-122.288003,47.551371],[-122.288101,47.551558],[-122.288209,47.55177],[-122.288312,47.551975],[-122.288675,47.552714],[-122.288811,47.552991],[-122.289037,47.553451],[-122.289405,47.554251],[-122.289561,47.554591],[-122.289638,47.554762],[-122.289835,47.555195],[-122.289907,47.555347],[-122.290213,47.555948],[-122.290792,47.556908],[-122.290878,47.55705],[-122.29101,47.557274],[-122.291362,47.557868],[-122.291554,47.558174],[-122.291603,47.558254],[-122.291784,47.558551],[-122.291863,47.558684],[-122.291931,47.558799],[-122.292252,47.559332],[-122.292852,47.560272],[-122.29311,47.560677],[-122.293198,47.560816],[-122.293284,47.560949],[-122.293471,47.561239],[-122.293528,47.561325],[-122.293922,47.561932],[-122.294465,47.562771],[-122.294505,47.562827],[-122.294571,47.56293],[-122.294615,47.562996],[-122.295147,47.563769],[-122.295202,47.56386],[-122.29561,47.564507],[-122.296059,47.565202],[-122.296325,47.565629],[-122.296459,47.565843],[-122.296531,47.565957],[-122.296639,47.566169],[-122.296686,47.566291],[-122.296723,47.566385],[-122.296827,47.566799],[-122.296846,47.567029],[-122.296847,47.567162],[-122.296823,47.567896],[-122.296815,47.568135],[-122.296795,47.570539],[-122.296755,47.571211],[-122.296744,47.571391],[-122.296739,47.571866],[-122.296736,47.572016],[-122.296737,47.572103],[-122.296741,47.572341],[-122.296744,47.572445],[-122.296733,47.573294],[-122.296707,47.574228],[-122.296696,47.5746],[-122.29671,47.575094],[-122.29672,47.575376],[-122.296726,47.575539],[-122.296775,47.575701],[-122.296773,47.57574],[-122.296751,47.575917],[-122.296719,47.576056],[-122.296649,47.576258],[-122.296598,47.576364],[-122.296808,47.576628],[-122.296864,47.576698],[-122.297002,47.576872],[-122.297086,47.576978],[-122.297177,47.577092],[-122.297242,47.577174],[-122.297254,47.57719],[-122.297445,47.577431],[-122.297468,47.577459],[-122.297545,47.577556],[-122.297719,47.577791],[-122.297845,47.577961],[-122.298034,47.578216],[-122.298129,47.578346],[-122.298429,47.578738],[-122.298531,47.578871],[-122.298669,47.579051],[-122.298735,47.579137],[-122.299041,47.579537],[-122.299169,47.579705],[-122.299217,47.579768],[-122.299341,47.579928],[-122.299438,47.580057],[-122.299471,47.5801],[-122.299604,47.580274],[-122.299998,47.580788],[-122.30017,47.581013],[-122.300355,47.581273],[-122.300442,47.581411],[-122.300507,47.5815],[-122.300961,47.582065],[-122.301097,47.582234],[-122.301533,47.582776],[-122.301614,47.582884],[-122.301706,47.583003],[-122.301819,47.583151],[-122.30221,47.583648],[-122.302296,47.583765],[-122.302344,47.58383],[-122.302709,47.584326],[-122.302853,47.58452],[-122.302951,47.584652],[-122.302949,47.58484],[-122.302943,47.585207],[-122.30294,47.585418],[-122.302939,47.585493],[-122.302936,47.585573],[-122.302926,47.585908],[-122.302913,47.586323],[-122.302892,47.586401],[-122.302853,47.58653],[-122.302842,47.586559],[-122.302696,47.586924],[-122.302651,47.587066],[-122.302627,47.587203],[-122.302591,47.588367],[-122.302587,47.588453],[-122.302553,47.588777],[-122.302268,47.58962],[-122.302179,47.590115],[-122.302168,47.590726],[-122.302195,47.590987],[-122.302292,47.59137],[-122.302465,47.591821],[-122.30249,47.591883],[-122.302522,47.591959],[-122.302662,47.592397],[-122.302666,47.5925],[-122.302598,47.592764],[-122.302517,47.592922],[-122.302437,47.593085],[-122.302306,47.593312],[-122.302259,47.593464],[-122.302219,47.593823],[-122.302232,47.594573],[-122.302242,47.595501],[-122.302243,47.595573],[-122.302242,47.595644],[-122.302233,47.596479],[-122.302234,47.596751],[-122.302237,47.597818],[-122.302237,47.597878],[-122.302243,47.59835],[-122.30223,47.598969],[-122.302229,47.599029],[-122.302223,47.599274],[-122.302228,47.599671],[-122.30223,47.599795],[-122.302236,47.600309],[-122.302238,47.60112],[-122.302238,47.601145],[-122.302257,47.601445],[-122.302296,47.601579],[-122.302321,47.601662],[-122.302357,47.601769],[-122.302428,47.602039],[-122.302428,47.602064],[-122.302427,47.602242],[-122.302427,47.602361],[-122.302427,47.602611],[-122.302426,47.602676],[-122.302427,47.602729],[-122.302435,47.6032],[-122.302439,47.603454],[-122.30244,47.60351],[-122.302441,47.60357],[-122.302446,47.604268],[-122.302446,47.604338],[-122.30245,47.604407],[-122.302497,47.60469],[-122.302636,47.605095],[-122.302655,47.60515],[-122.302668,47.605192],[-122.30268,47.605229],[-122.302723,47.60536],[-122.302772,47.605567],[-122.302785,47.605894],[-122.302785,47.606168],[-122.302788,47.606257],[-122.30279,47.606435],[-122.302793,47.60689],[-122.302789,47.60754],[-122.302788,47.607711],[-122.302787,47.607932],[-122.302786,47.608017],[-122.302773,47.609023],[-122.302753,47.610013],[-122.302727,47.611574],[-122.302719,47.612082],[-122.302714,47.612227],[-122.302704,47.612942],[-122.302698,47.613297],[-122.302686,47.614012],[-122.302683,47.614165],[-122.302655,47.614815],[-122.302636,47.615248],[-122.302634,47.615305],[-122.302631,47.615385],[-122.302597,47.616473],[-122.302575,47.617113],[-122.302574,47.617255],[-122.302563,47.618936],[-122.302552,47.61909],[-122.302545,47.619184],[-122.302542,47.61934],[-122.302522,47.620215],[-122.302514,47.620603],[-122.302502,47.621132],[-122.302496,47.621377],[-122.30248,47.622159],[-122.30247,47.622662],[-122.302463,47.622984],[-122.302459,47.623172],[-122.302455,47.623412],[-122.302439,47.624402],[-122.30243,47.624961],[-122.302426,47.625209],[-122.302424,47.625336],[-122.30242,47.625581],[-122.302414,47.625938],[-122.302408,47.626311],[-122.302404,47.626582],[-122.302402,47.626694],[-122.3024,47.626822],[-122.302396,47.627065],[-122.302393,47.627254],[-122.30237,47.627391],[-122.30235,47.627437],[-122.302308,47.627508],[-122.302242,47.627586],[-122.30204,47.627812],[-122.301834,47.628052],[-122.301777,47.62813],[-122.301749,47.628181],[-122.301725,47.628239],[-122.3017,47.628416],[-122.30169,47.629021],[-122.301685,47.629269],[-122.301681,47.629507],[-122.301668,47.630268],[-122.301651,47.631289],[-122.301635,47.63223],[-122.301634,47.63229],[-122.301632,47.632354],[-122.301631,47.632431],[-122.301629,47.632569],[-122.301624,47.632816],[-122.301608,47.633613],[-122.301598,47.634146],[-122.301594,47.63437],[-122.30159,47.634587],[-122.301586,47.634797],[-122.301581,47.635043],[-122.301578,47.635185],[-122.301577,47.635254],[-122.301575,47.635349],[-122.30156,47.636227],[-122.301545,47.637071],[-122.301535,47.63769],[-122.301537,47.637891],[-122.301542,47.637924],[-122.301556,47.637985],[-122.301588,47.638085],[-122.301663,47.638324],[-122.301797,47.638714],[-122.301925,47.639117],[-122.302049,47.639452],[-122.302068,47.639528],[-122.302079,47.639587],[-122.302087,47.640134],[-122.302088,47.64026],[-122.302084,47.640658],[-122.302083,47.640727],[-122.302081,47.640983],[-122.302077,47.641715],[-122.302072,47.642213],[-122.302115,47.642396],[-122.302148,47.642454],[-122.302195,47.642514],[-122.302252,47.64257],[-122.30283,47.642995],[-122.302872,47.643026],[-122.302898,47.643067],[-122.302916,47.643096],[-122.30304,47.643182],[-122.303279,47.64335],[-122.30372,47.643658],[-122.303792,47.643722],[-122.303995,47.643933],[-122.304025,47.643972],[-122.304068,47.644027],[-122.304098,47.644075],[-122.304269,47.644313],[-122.30435,47.644455],[-122.304377,47.644501],[-122.304424,47.644582],[-122.304451,47.644655],[-122.304469,47.644706],[-122.304514,47.645092],[-122.304513,47.645327],[-122.304512,47.645557],[-122.30451,47.645897],[-122.304509,47.645969],[-122.304507,47.646268],[-122.304509,47.646322],[-122.304526,47.646409],[-122.304561,47.64655],[-122.304585,47.646666],[-122.304629,47.646777],[-122.304625,47.646904],[-122.304614,47.647689],[-122.304616,47.64781],[-122.304615,47.64803],[-122.304604,47.648538],[-122.304583,47.649018],[-122.304572,47.649204],[-122.304545,47.649514],[-122.304476,47.64976],[-122.304409,47.649978],[-122.304347,47.650155],[-122.304178,47.650556],[-122.304126,47.650645],[-122.303959,47.650953],[-122.303886,47.651066],[-122.303619,47.651562],[-122.303489,47.651803],[-122.303318,47.652138],[-122.303143,47.652405],[-122.303036,47.652682],[-122.302983,47.652829],[-122.302573,47.654202],[-122.302323,47.655037],[-122.302151,47.655648],[-122.302111,47.655805],[-122.302121,47.656011],[-122.302087,47.65612],[-122.301999,47.656399],[-122.301842,47.656893],[-122.301425,47.658325],[-122.300996,47.659056],[-122.30099,47.659399],[-122.300951,47.659655],[-122.30093,47.659825],[-122.300901,47.660064],[-122.300947,47.660224],[-122.300926,47.66039],[-122.300912,47.660497],[-122.300908,47.660606],[-122.300907,47.660616],[-122.300903,47.660947],[-122.300892,47.661383],[-122.30089,47.661811],[-122.300892,47.662058],[-122.300894,47.662447],[-122.300894,47.662516],[-122.300895,47.662589],[-122.300897,47.662856],[-122.300899,47.663083],[-122.300899,47.663153],[-122.300899,47.663181],[-122.300899,47.663207],[-122.3009,47.663292],[-122.3009,47.663379],[-122.300901,47.663566],[-122.300901,47.663639],[-122.300902,47.663699],[-122.300902,47.663779],[-122.300904,47.664096],[-122.300905,47.664289],[-122.300905,47.664348],[-122.300906,47.664415],[-122.300903,47.664466],[-122.3009,47.664504],[-122.300898,47.664549],[-122.300893,47.664621],[-122.300874,47.664759],[-122.300865,47.664787],[-122.30085,47.664848],[-122.300829,47.664925],[-122.300824,47.664945],[-122.300691,47.665454],[-122.300676,47.665547],[-122.300656,47.665668],[-122.300645,47.665734],[-122.300619,47.665889],[-122.300616,47.665909],[-122.300612,47.666001],[-122.300611,47.66606],[-122.300606,47.666177],[-122.300605,47.666275],[-122.300606,47.666388],[-122.300606,47.666479],[-122.300607,47.666569],[-122.300607,47.66664],[-122.300609,47.666817],[-122.30061,47.66699],[-122.300612,47.66734],[-122.300613,47.667541],[-122.300615,47.667784],[-122.300616,47.667925],[-122.300617,47.667992],[-122.300617,47.668149],[-122.300617,47.668162],[-122.300618,47.668275],[-122.300618,47.668381],[-122.300619,47.668534],[-122.300618,47.668724],[-122.300618,47.668773],[-122.300617,47.669082],[-122.300612,47.669998],[-122.300627,47.670921],[-122.300643,47.671876],[-122.300647,47.672155],[-122.300648,47.672444],[-122.300653,47.673816],[-122.300664,47.675784],[-122.300661,47.675924],[-122.300659,47.67607],[-122.300658,47.676139],[-122.300657,47.676226],[-122.300656,47.676277],[-122.300655,47.676301],[-122.30065,47.676674],[-122.300635,47.677602],[-122.300677,47.679405],[-122.300701,47.682029],[-122.300732,47.682628],[-122.300741,47.68281],[-122.300754,47.683057],[-122.300755,47.683202],[-122.300755,47.683264],[-122.300755,47.683559],[-122.300759,47.683942],[-122.300757,47.684067],[-122.300764,47.684864],[-122.300789,47.686124],[-122.300793,47.686334],[-122.300827,47.686547],[-122.300874,47.68667],[-122.301389,47.687412],[-122.301456,47.687509],[-122.301511,47.687599],[-122.301575,47.687703],[-122.301631,47.687833],[-122.301699,47.68817],[-122.301685,47.688443],[-122.301679,47.688505],[-122.301656,47.688612],[-122.301486,47.689471],[-122.301471,47.689593],[-122.301507,47.689829],[-122.301566,47.689971],[-122.301692,47.690264],[-122.30205,47.691191],[-122.302081,47.69127],[-122.302097,47.69131],[-122.30277,47.693012],[-122.302889,47.693275],[-122.303042,47.693481],[-122.303106,47.693545],[-122.303176,47.693605],[-122.30358,47.693916],[-122.303628,47.693953],[-122.303729,47.694031],[-122.304492,47.69462],[-122.305014,47.695023],[-122.305106,47.695119],[-122.305174,47.695224],[-122.305337,47.69562],[-122.30539,47.695748],[-122.305433,47.695824],[-122.305476,47.695887],[-122.305562,47.696067],[-122.305708,47.696387],[-122.305763,47.696509],[-122.305747,47.69669],[-122.30568,47.69705],[-122.305566,47.697405],[-122.305492,47.697579],[-122.305437,47.697691],[-122.305268,47.697987],[-122.305184,47.698111],[-122.305172,47.698129],[-122.304956,47.698407],[-122.303582,47.70001],[-122.30335,47.700283],[-122.303172,47.700491],[-122.303002,47.700689],[-122.302897,47.700812],[-122.302814,47.700909],[-122.30263,47.701124],[-122.302587,47.701178],[-122.302193,47.701669],[-122.302101,47.701798],[-122.302018,47.70193],[-122.301942,47.702063],[-122.301854,47.702244],[-122.30179,47.702405],[-122.30178,47.702428],[-122.301722,47.702615],[-122.301679,47.702803],[-122.301651,47.702993],[-122.301638,47.703179],[-122.301639,47.703385],[-122.30164,47.703535],[-122.301641,47.70384],[-122.301642,47.70397],[-122.301643,47.704131],[-122.301644,47.704335],[-122.301645,47.704516],[-122.301646,47.704774],[-122.301647,47.705015],[-122.301646,47.705106],[-122.301649,47.705508],[-122.30165,47.705655],[-122.301651,47.705831],[-122.301649,47.706041],[-122.301656,47.706706],[-122.301648,47.706853],[-122.301646,47.7069],[-122.301638,47.706992],[-122.30163,47.707093],[-122.301616,47.707229],[-122.30161,47.707287],[-122.301517,47.707865],[-122.301477,47.708032],[-122.301429,47.708248],[-122.301378,47.708438],[-122.30133,47.708595],[-122.301317,47.708639],[-122.301286,47.708733],[-122.301251,47.708839],[-122.301224,47.708913],[-122.301179,47.709038],[-122.301161,47.709085],[-122.301113,47.709208],[-122.301077,47.709296],[-122.300874,47.709745],[-122.300825,47.709843],[-122.300804,47.709885],[-122.300741,47.710005],[-122.300692,47.710101],[-122.300655,47.710158],[-122.300577,47.710291],[-122.300495,47.710423],[-122.300346,47.710513],[-122.300162,47.710831],[-122.299988,47.711132],[-122.299913,47.711261],[-122.299746,47.71155],[-122.299624,47.711761],[-122.299508,47.711962],[-122.299449,47.712066],[-122.299406,47.712137],[-122.299359,47.712218],[-122.299246,47.712412],[-122.298836,47.713112],[-122.298754,47.713252],[-122.298651,47.713427],[-122.298462,47.713743],[-122.298488,47.713824],[-122.298256,47.714223],[-122.298049,47.714577],[-122.297952,47.714652],[-122.297932,47.714669],[-122.297708,47.715027],[-122.297661,47.715122],[-122.297688,47.715202],[-122.297666,47.715239],[-122.297624,47.715305],[-122.297611,47.715324],[-122.297418,47.715623],[-122.297353,47.715739],[-122.297206,47.716006],[-122.297176,47.716059],[-122.297075,47.716085],[-122.297016,47.7162],[-122.296988,47.716253],[-122.297031,47.716309],[-122.296973,47.716403],[-122.296954,47.716432],[-122.29669,47.716857],[-122.296344,47.717414],[-122.296181,47.717722],[-122.296014,47.717887],[-122.295633,47.718488],[-122.295362,47.718934],[-122.295218,47.719171],[-122.295235,47.71927],[-122.295175,47.719376],[-122.294982,47.719715],[-122.294871,47.719806],[-122.294671,47.720094],[-122.294571,47.720261],[-122.294428,47.720499],[-122.294423,47.720638],[-122.294369,47.720727],[-122.294293,47.720851],[-122.294157,47.721073],[-122.294144,47.721095],[-122.294117,47.721142],[-122.29403,47.721294],[-122.293995,47.721354],[-122.293967,47.721404],[-122.293876,47.721426],[-122.293519,47.722101],[-122.293567,47.722178],[-122.29353,47.722248],[-122.293462,47.722372],[-122.293333,47.722611],[-122.293264,47.722731],[-122.293224,47.722802],[-122.293181,47.722889],[-122.29316,47.722965],[-122.293021,47.723325],[-122.292983,47.723422],[-122.29287,47.723537],[-122.292819,47.723636],[-122.292634,47.724225],[-122.29267,47.724315],[-122.292624,47.724482],[-122.292563,47.7247],[-122.29256,47.724713],[-122.292502,47.72495],[-122.292492,47.724997],[-122.292464,47.725124],[-122.292447,47.725202],[-122.292426,47.725309],[-122.292405,47.725421],[-122.292399,47.725453],[-122.292384,47.725542],[-122.292357,47.725706],[-122.29234,47.72583],[-122.292323,47.725958],[-122.292295,47.726211],[-122.292274,47.726465],[-122.292262,47.726667],[-122.292256,47.726815],[-122.292254,47.726868],[-122.29225,47.72703],[-122.292251,47.727071],[-122.292251,47.72713],[-122.292252,47.727273],[-122.292272,47.728015],[-122.292272,47.728019],[-122.29228,47.728319],[-122.292296,47.728943],[-122.292302,47.72915],[-122.292311,47.729466],[-122.29232,47.729786],[-122.292324,47.729941],[-122.292329,47.730096],[-122.292343,47.73074],[-122.292345,47.730822],[-122.29235,47.731058],[-122.292369,47.731948],[-122.292371,47.732016],[-122.292374,47.73214],[-122.292379,47.732238],[-122.292388,47.732434],[-122.292402,47.732726],[-122.292404,47.732768],[-122.292415,47.733024],[-122.292422,47.733189],[-122.292425,47.733276],[-122.292436,47.733524],[-122.292446,47.73376],[-122.292456,47.733874],[-122.292457,47.73394],[-122.292463,47.734251],[-122.292469,47.734622],[-122.29247,47.734635],[-122.292477,47.734732],[-122.292414,47.734806],[-122.292417,47.73493],[-122.292416,47.73503],[-122.292416,47.735123],[-122.292408,47.735266],[-122.292392,47.735409],[-122.292386,47.735557],[-122.292458,47.735614],[-122.29241,47.735803],[-122.2924,47.735842],[-122.292352,47.735985],[-122.292319,47.736083],[-122.292253,47.736257],[-122.292207,47.736344],[-122.292177,47.736384],[-122.292056,47.736424],[-122.29205,47.736435],[-122.29201,47.7365],[-122.291773,47.736858],[-122.291665,47.736993],[-122.291635,47.737031],[-122.291522,47.737165],[-122.291066,47.737707],[-122.290935,47.737865],[-122.290913,47.737892],[-122.290357,47.73856],[-122.29008,47.738893],[-122.289936,47.739066],[-122.289674,47.739381],[-122.289595,47.739476],[-122.289457,47.739626],[-122.289356,47.739724],[-122.289204,47.739909],[-122.289125,47.740005],[-122.28872,47.740498],[-122.28827,47.741044],[-122.288132,47.741217],[-122.287792,47.741642],[-122.28775,47.741694],[-122.287513,47.74199],[-122.287503,47.742014],[-122.287385,47.742289],[-122.287374,47.742304],[-122.287023,47.742768],[-122.28687,47.743053],[-122.286652,47.7436],[-122.286597,47.743821],[-122.28646,47.744377],[-122.286413,47.74457],[-122.286396,47.744639],[-122.286064,47.746019],[-122.285823,47.746682],[-122.285656,47.747001],[-122.28509,47.747884],[-122.284868,47.748246],[-122.284793,47.748356],[-122.284684,47.748513],[-122.284647,47.748568],[-122.284207,47.749193],[-122.283289,47.750168],[-122.282349,47.750859],[-122.282141,47.751003],[-122.282029,47.751066],[-122.28147,47.751436],[-122.281297,47.751521],[-122.280831,47.751747],[-122.280267,47.752021],[-122.280534,47.75228],[-122.28064,47.752392],[-122.280657,47.752576],[-122.280658,47.75267],[-122.280659,47.752752],[-122.28066,47.752819],[-122.280684,47.755266],[-122.280686,47.75545],[-122.280687,47.755548],[-122.280689,47.75571],[-122.280648,47.75571],[-122.280083,47.755716],[-122.28008,47.755811],[-122.280082,47.755852],[-122.280125,47.755886],[-122.280055,47.755933],[-122.279961,47.755996],[-122.279903,47.756034],[-122.280546,47.756549],[-122.280643,47.756635],[-122.281001,47.756966],[-122.281342,47.757339],[-122.282917,47.759069],[-122.28347,47.759675],[-122.283716,47.759973],[-122.283836,47.760042],[-122.283888,47.760059],[-122.283909,47.760159],[-122.284984,47.761873],[-122.285188,47.762073],[-122.285265,47.762183],[-122.285284,47.762334],[-122.285258,47.762731],[-122.285257,47.763061],[-122.285436,47.763415],[-122.2855,47.763598],[-122.285522,47.763673],[-122.285531,47.763929],[-122.285516,47.764155],[-122.285298,47.76471],[-122.285243,47.764849],[-122.285182,47.765098],[-122.28517,47.765327],[-122.285157,47.765586],[-122.285118,47.765801],[-122.285029,47.765947],[-122.283845,47.76722],[-122.283792,47.767323],[-122.283784,47.767459],[-122.283814,47.767605],[-122.28392,47.767877],[-122.28421,47.768333],[-122.284907,47.768895],[-122.285017,47.769032],[-122.285372,47.769975],[-122.285696,47.770763],[-122.285829,47.77097],[-122.285854,47.771009],[-122.28631,47.771596],[-122.286712,47.772105],[-122.286825,47.772191],[-122.287554,47.772523],[-122.287868,47.772594],[-122.288088,47.772649],[-122.288268,47.772743],[-122.288433,47.772894],[-122.288667,47.773143],[-122.289628,47.774202],[-122.289797,47.774388],[-122.289795,47.774633],[-122.289868,47.774863],[-122.290235,47.77554],[-122.290314,47.775798],[-122.290296,47.776187],[-122.290186,47.776915],[-122.290092,47.777367],[-122.289868,47.778306],[-122.289836,47.77911],[-122.289799,47.779661],[-122.289788,47.780274],[-122.289862,47.781477],[-122.289934,47.781939],[-122.289948,47.781989],[-122.290294,47.783241],[-122.290631,47.78448],[-122.290734,47.78486],[-122.290863,47.785328],[-122.2912,47.786548],[-122.291655,47.788118],[-122.291841,47.788715],[-122.292033,47.789331],[-122.292145,47.789717],[-122.292206,47.790108],[-122.292243,47.790517],[-122.292239,47.791284],[-122.292241,47.791474],[-122.292245,47.791895],[-122.292256,47.79231],[-122.292263,47.792569],[-122.292268,47.792937],[-122.292275,47.793421],[-122.29228,47.793723],[-122.292273,47.794515],[-122.292288,47.795182],[-122.292285,47.796099],[-122.292288,47.796903],[-122.292288,47.796969],[-122.292289,47.797038],[-122.292296,47.797714],[-122.292323,47.798872],[-122.292323,47.799615],[-122.292323,47.799702],[-122.29233,47.80047],[-122.292327,47.800956],[-122.292323,47.801174],[-122.29232,47.801363],[-122.292309,47.801864],[-122.292308,47.80194],[-122.292308,47.802015],[-122.292311,47.802489],[-122.292313,47.80275],[-122.292314,47.80293],[-122.29232,47.803096],[-122.292345,47.803735],[-122.292348,47.804],[-122.292356,47.804535],[-122.292357,47.804614],[-122.292357,47.80471],[-122.29236,47.805424],[-122.292361,47.805738],[-122.292362,47.805881],[-122.292363,47.806314],[-122.292364,47.806446],[-122.292297,47.806567],[-122.292289,47.806967],[-122.292287,47.807119],[-122.292352,47.807209],[-122.292345,47.807394],[-122.292343,47.807558],[-122.292339,47.807935],[-122.292338,47.808135],[-122.292333,47.808889],[-122.292331,47.809126],[-122.292323,47.810215],[-122.29232,47.810513],[-122.292319,47.810616],[-122.292321,47.810721],[-122.292304,47.812271],[-122.292303,47.812393],[-122.292289,47.812967],[-122.292275,47.813526],[-122.292283,47.814724],[-122.292292,47.814967],[-122.292316,47.815561],[-122.29234,47.816188],[-122.29234,47.816215],[-122.292338,47.816549],[-122.292337,47.816778],[-122.292334,47.817181],[-122.292334,47.81732],[-122.292338,47.817462],[-122.292354,47.817908],[-122.292368,47.818324],[-122.292376,47.81855],[-122.292387,47.818902],[-122.292398,47.819216],[-122.292404,47.819385],[-122.2924,47.819649],[-122.292407,47.819965],[-122.292408,47.820309],[-122.292409,47.820416],[-122.292409,47.820501],[-122.29241,47.820806],[-122.292411,47.820941],[-122.29241,47.821112],[-122.292406,47.821529],[-122.292401,47.822045],[-122.292395,47.82274],[-122.292394,47.822809],[-122.292397,47.822927],[-122.292417,47.823963],[-122.292406,47.824588],[-122.2924,47.824903],[-122.292403,47.825448],[-122.292404,47.825731],[-122.292417,47.827132],[-122.292427,47.828148],[-122.292428,47.828251],[-122.29243,47.828338],[-122.292451,47.829312],[-122.292452,47.829522],[-122.292453,47.829594],[-122.292455,47.8298],[-122.292459,47.830302],[-122.29247,47.830857],[-122.292472,47.830936],[-122.292494,47.832036],[-122.292499,47.832341],[-122.292494,47.833079],[-122.292494,47.834024],[-122.292522,47.835549],[-122.292522,47.836038],[-122.292533,47.836561],[-122.29253,47.836691],[-122.292528,47.836912],[-122.292517,47.838299],[-122.292518,47.838386],[-122.29252,47.838715],[-122.292523,47.839159],[-122.29253,47.840061],[-122.292539,47.840722],[-122.292546,47.841006],[-122.29253,47.842242],[-122.292518,47.842805],[-122.29252,47.843022],[-122.292528,47.843653],[-122.292532,47.844017],[-122.292537,47.844431],[-122.292542,47.84493],[-122.292532,47.845665],[-122.292856,47.845664],[-122.293476,47.845661],[-122.29348,47.845982],[-122.293515,47.846039],[-122.29383,47.846105],[-122.294344,47.846212],[-122.294268,47.846367],[-122.29412,47.846413],[-122.294183,47.846583],[-122.294468,47.846542],[-122.294663,47.846514],[-122.294587,47.846706],[-122.294438,47.847083],[-122.294332,47.847349],[-122.294212,47.847651],[-122.2942,47.847681],[-122.294174,47.847762],[-122.294116,47.847941],[-122.293853,47.848616],[-122.29374,47.848928],[-122.293683,47.849087],[-122.293561,47.849427],[-122.293281,47.850206],[-122.293222,47.850339],[-122.292765,47.851366],[-122.292584,47.851781],[-122.292558,47.851841],[-122.292335,47.852299],[-122.292192,47.852595],[-122.291823,47.853357],[-122.291575,47.853697],[-122.291308,47.854061],[-122.291224,47.854176],[-122.291084,47.854328],[-122.290716,47.854728],[-122.290478,47.854988],[-122.290078,47.855423],[-122.290064,47.855439],[-122.289473,47.85612],[-122.289349,47.856245],[-122.289273,47.856331],[-122.288944,47.8567],[-122.288315,47.857398],[-122.288081,47.857622],[-122.287883,47.857811],[-122.287677,47.858026],[-122.287316,47.858401],[-122.287207,47.858518],[-122.286996,47.858744],[-122.286836,47.858916],[-122.285875,47.859946],[-122.285756,47.860073],[-122.285342,47.860518],[-122.285008,47.860875],[-122.284946,47.860942],[-122.284603,47.861309],[-122.284335,47.861596],[-122.284118,47.86183],[-122.283765,47.862207],[-122.283688,47.86229],[-122.283572,47.862414],[-122.283366,47.862635],[-122.282899,47.863136],[-122.282837,47.863203],[-122.28248,47.863585],[-122.282427,47.863643],[-122.282307,47.863775],[-122.282043,47.864065],[-122.28193,47.864188],[-122.281818,47.864312],[-122.281465,47.864698],[-122.281402,47.864767],[-122.280831,47.865392],[-122.280165,47.866121],[-122.279687,47.866625],[-122.278974,47.867388],[-122.278952,47.867411],[-122.278615,47.86778],[-122.278066,47.868381],[-122.277924,47.868536],[-122.277345,47.869153],[-122.276751,47.869785],[-122.276024,47.870559],[-122.275988,47.870598],[-122.275588,47.871024],[-122.275337,47.871292],[-122.275248,47.871386],[-122.275094,47.87155],[-122.274766,47.8719],[-122.274348,47.872345],[-122.274259,47.87244],[-122.274072,47.872639],[-122.273815,47.872912],[-122.273723,47.873011],[-122.273638,47.873098],[-122.273404,47.873342],[-122.272937,47.873847],[-122.272601,47.874209],[-122.272421,47.874401],[-122.272134,47.874707],[-122.271883,47.874973],[-122.271362,47.875528],[-122.271006,47.875907],[-122.270884,47.876036],[-122.270713,47.876218],[-122.270565,47.876376],[-122.270378,47.876581],[-122.27027,47.876687],[-122.269948,47.87703],[-122.269738,47.877267],[-122.269189,47.877856],[-122.267384,47.879764],[-122.267219,47.879958],[-122.267052,47.880134],[-122.266902,47.880292],[-122.266728,47.880476],[-122.266548,47.880666],[-122.265982,47.881263],[-122.26578,47.881477],[-122.265465,47.881826],[-122.265177,47.882144],[-122.265137,47.882189],[-122.264834,47.882535],[-122.264767,47.882608],[-122.264283,47.883135],[-122.263799,47.883648],[-122.263254,47.884242],[-122.262791,47.884745],[-122.262291,47.885278],[-122.26205,47.885533],[-122.261633,47.88598],[-122.261559,47.88606],[-122.261515,47.886107],[-122.26129,47.886349],[-122.261146,47.886503],[-122.260773,47.886904],[-122.26022,47.887497],[-122.259685,47.888072],[-122.259367,47.888414],[-122.259192,47.888601],[-122.259019,47.888787],[-122.258908,47.888906],[-122.258814,47.889007],[-122.258575,47.889265],[-122.258444,47.889406],[-122.258314,47.889543],[-122.258118,47.889751],[-122.257963,47.889914],[-122.257762,47.890125],[-122.257705,47.890185],[-122.257499,47.890403],[-122.257383,47.890525],[-122.257217,47.8907],[-122.257144,47.890778],[-122.256938,47.890999],[-122.25671,47.891245],[-122.256683,47.891273],[-122.256297,47.891688],[-122.256228,47.891763],[-122.256116,47.891884],[-122.255834,47.892186],[-122.255767,47.892258],[-122.25539,47.892663],[-122.255002,47.89308],[-122.254945,47.893141],[-122.254454,47.893666],[-122.254431,47.893689],[-122.254118,47.894024],[-122.253757,47.894411],[-122.253342,47.894855],[-122.253163,47.895047],[-122.253115,47.895098],[-122.253016,47.895204],[-122.252795,47.895441],[-122.252751,47.895488],[-122.252623,47.895625],[-122.252442,47.895819],[-122.252221,47.896063],[-122.252011,47.896293],[-122.251886,47.89643],[-122.251743,47.896582],[-122.251521,47.896818],[-122.251248,47.897108],[-122.250806,47.897577],[-122.250633,47.89776],[-122.250237,47.898181],[-122.249899,47.898539],[-122.249766,47.89868],[-122.249712,47.898738],[-122.249427,47.899041],[-122.249129,47.899357],[-122.248993,47.899502],[-122.248902,47.899598],[-122.248491,47.900034],[-122.247811,47.900762],[-122.247421,47.901181],[-122.247266,47.901347],[-122.24718,47.90144],[-122.246657,47.902002],[-122.246454,47.90222],[-122.246193,47.902501],[-122.246026,47.902678],[-122.245914,47.902796],[-122.245579,47.903151],[-122.245565,47.903166],[-122.245354,47.90339],[-122.245084,47.903683],[-122.24504,47.903731],[-122.244633,47.904173],[-122.244322,47.90451],[-122.244289,47.904542],[-122.244269,47.904563],[-122.243853,47.90501],[-122.243569,47.905314],[-122.243165,47.905749],[-122.242977,47.90595],[-122.242666,47.906283],[-122.242428,47.90654],[-122.242298,47.906678],[-122.242215,47.906768],[-122.241691,47.907331],[-122.241453,47.907586],[-122.241433,47.907609],[-122.241295,47.907757],[-122.241189,47.907871],[-122.241139,47.907924],[-122.240936,47.908144],[-122.240787,47.908305],[-122.240562,47.908547],[-122.240321,47.908808],[-122.240224,47.908913],[-122.239974,47.909184],[-122.239944,47.909215],[-122.239656,47.909522],[-122.239631,47.909555],[-122.239456,47.909738],[-122.239349,47.909852],[-122.239168,47.910047],[-122.239119,47.910101],[-122.239032,47.910195],[-122.238896,47.910335],[-122.238813,47.910421],[-122.238596,47.910645],[-122.238483,47.910762],[-122.238439,47.91081],[-122.238056,47.911222],[-122.237737,47.911574],[-122.237511,47.91182],[-122.237474,47.91186],[-122.237191,47.912167],[-122.237016,47.912353],[-122.236917,47.912458],[-122.236851,47.912529],[-122.236756,47.912629],[-122.236557,47.912841],[-122.236332,47.913079],[-122.236224,47.913193],[-122.235906,47.913531],[-122.235859,47.913581],[-122.235762,47.91369],[-122.235524,47.913956],[-122.235433,47.914058],[-122.235393,47.914103],[-122.235304,47.914196],[-122.235261,47.914241],[-122.235201,47.914303],[-122.235078,47.914419],[-122.234992,47.914521],[-122.234826,47.914693],[-122.234782,47.914739],[-122.234684,47.914841],[-122.234425,47.915111],[-122.234292,47.915255],[-122.234249,47.915302],[-122.234202,47.915353],[-122.233588,47.916024],[-122.233208,47.916425],[-122.23307,47.916573],[-122.232659,47.917016],[-122.232624,47.917053],[-122.232416,47.917278],[-122.232333,47.917367],[-122.232151,47.917563],[-122.231851,47.917885],[-122.231621,47.918133],[-122.231445,47.918323],[-122.231097,47.918697],[-122.230733,47.919089],[-122.230694,47.919131],[-122.230488,47.919352],[-122.229975,47.919901],[-122.229847,47.920038],[-122.229648,47.920242],[-122.229524,47.920384],[-122.229333,47.920588],[-122.22921,47.92072],[-122.229059,47.920881],[-122.228936,47.921013],[-122.228872,47.921082],[-122.22858,47.921394],[-122.228539,47.921438],[-122.228378,47.92161],[-122.228359,47.921631],[-122.228179,47.921824],[-122.228164,47.92184],[-122.228078,47.921932],[-122.227622,47.922417],[-122.2276,47.92244],[-122.227332,47.922724],[-122.227218,47.922847],[-122.226801,47.923309],[-122.226723,47.923403],[-122.22639,47.923757],[-122.226162,47.923995],[-122.225993,47.924172],[-122.225864,47.924313],[-122.225639,47.924561],[-122.225358,47.924834],[-122.225122,47.925092],[-122.224927,47.925284],[-122.224897,47.925315],[-122.224841,47.925378],[-122.224727,47.925495],[-122.224327,47.925926],[-122.223991,47.926261],[-122.223522,47.92675],[-122.222946,47.927355],[-122.222818,47.927489],[-122.22257,47.927781],[-122.222452,47.927874],[-122.222176,47.928219],[-122.222046,47.928354],[-122.221676,47.928754],[-122.221509,47.928943],[-122.221273,47.929263],[-122.221255,47.929293],[-122.221148,47.929482],[-122.221049,47.929654],[-122.220798,47.930093],[-122.220614,47.93057],[-122.220562,47.930692],[-122.220442,47.931017],[-122.220373,47.931259],[-122.220315,47.931464],[-122.220296,47.931533],[-122.220214,47.931833],[-122.220196,47.931901],[-122.220111,47.93218],[-122.220102,47.932219],[-122.220063,47.932363],[-122.220037,47.932459],[-122.220028,47.93249],[-122.219909,47.932932],[-122.219889,47.933006],[-122.219826,47.933236],[-122.219798,47.933339],[-122.219753,47.933504],[-122.219687,47.933745],[-122.219655,47.933865],[-122.219613,47.93402],[-122.219586,47.934118],[-122.219573,47.934164],[-122.219548,47.934256],[-122.219521,47.934358],[-122.219462,47.934578],[-122.21943,47.934703],[-122.219394,47.934842],[-122.219355,47.934992],[-122.219344,47.935033],[-122.219311,47.935162],[-122.219255,47.935379],[-122.219209,47.935558],[-122.219045,47.936193],[-122.218924,47.936634],[-122.218816,47.937018],[-122.218803,47.937065],[-122.218749,47.937254],[-122.21873,47.937325],[-122.218661,47.937571],[-122.218637,47.93766],[-122.218635,47.937668],[-122.218595,47.937811],[-122.218444,47.938353],[-122.218335,47.938744],[-122.218321,47.938801],[-122.218288,47.938932],[-122.218226,47.939169],[-122.218149,47.939493],[-122.218124,47.939593],[-122.217952,47.940282],[-122.217934,47.940357],[-122.217829,47.940758],[-122.217813,47.94082],[-122.217744,47.941118],[-122.217637,47.941472],[-122.217606,47.941579],[-122.217574,47.941683],[-122.21756,47.941736],[-122.217527,47.941858],[-122.217465,47.942093],[-122.217415,47.942281],[-122.217364,47.942471],[-122.217319,47.94264],[-122.217239,47.942938],[-122.217219,47.943022],[-122.217066,47.943604],[-122.217042,47.94368],[-122.216943,47.943948],[-122.216918,47.944004],[-122.216856,47.944141],[-122.216807,47.94425],[-122.216734,47.944417],[-122.216713,47.944467],[-122.216675,47.944555],[-122.216624,47.94467],[-122.216587,47.944753],[-122.21649,47.944973],[-122.216438,47.945089],[-122.216411,47.945151],[-122.216342,47.945306],[-122.216302,47.945398],[-122.216268,47.945474],[-122.216225,47.945572],[-122.216203,47.94562],[-122.216061,47.945941],[-122.216025,47.946029],[-122.215954,47.946197],[-122.215901,47.946324],[-122.215844,47.946461],[-122.215803,47.946552],[-122.21579,47.94658],[-122.21569,47.946801],[-122.215616,47.946965],[-122.215553,47.947103],[-122.215471,47.947285],[-122.215277,47.947712],[-122.215198,47.947897],[-122.215039,47.948244],[-122.214913,47.948519],[-122.214897,47.948554],[-122.214759,47.948856],[-122.214623,47.949157],[-122.214545,47.949329],[-122.214508,47.949417],[-122.21446,47.949533],[-122.214321,47.949872],[-122.214214,47.950133],[-122.214196,47.950178],[-122.214051,47.950561],[-122.214016,47.950653],[-122.213951,47.950863],[-122.213947,47.950878],[-122.21391,47.950998],[-122.213885,47.951075],[-122.213856,47.95117],[-122.213804,47.951357],[-122.213798,47.951381],[-122.213774,47.951464],[-122.213705,47.951713],[-122.213683,47.951793],[-122.213669,47.951844],[-122.213661,47.951887],[-122.213648,47.951955],[-122.213544,47.9525],[-122.213528,47.952583],[-122.213446,47.953037],[-122.213398,47.953316],[-122.213335,47.95369],[-122.213273,47.954058],[-122.213231,47.954311],[-122.213186,47.954575],[-122.213155,47.954761],[-122.213141,47.954847],[-122.213126,47.954936],[-122.213084,47.955184],[-122.213068,47.955278],[-122.213035,47.955384],[-122.21284,47.956009],[-122.212743,47.95625],[-122.212574,47.956668],[-122.212413,47.956954],[-122.21228,47.957188],[-122.211897,47.957865],[-122.211056,47.959351],[-122.210897,47.959709],[-122.210795,47.959993],[-122.21075,47.960146],[-122.21071,47.960383],[-122.210665,47.960654],[-122.210352,47.960661],[-122.210316,47.960662],[-122.209961,47.96067],[-122.209266,47.960688],[-122.208555,47.960701],[-122.208384,47.960704],[-122.208116,47.960711],[-122.208056,47.960712],[-122.207995,47.960713],[-122.207862,47.960716],[-122.207721,47.960717],[-122.207362,47.960734],[-122.206994,47.960802],[-122.206799,47.960895],[-122.206652,47.960961],[-122.206584,47.960965],[-122.206267,47.960954],[-122.206164,47.960965],[-122.206033,47.961006],[-122.205776,47.961122],[-122.204983,47.961779],[-122.204891,47.961959],[-122.204802,47.962567],[-122.2047,47.962909],[-122.204534,47.963079],[-122.204349,47.963218],[-122.204285,47.963373],[-122.204316,47.963551],[-122.204367,47.963659],[-122.203667,47.963886],[-122.20378,47.964029],[-122.203875,47.964187],[-122.203914,47.964311],[-122.203866,47.964456],[-122.203735,47.964556],[-122.2035,47.964628],[-122.202415,47.964742],[-122.201219,47.964867],[-122.200977,47.964874],[-122.200996,47.965251],[-122.201005,47.965419],[-122.201016,47.965615],[-122.201023,47.965741],[-122.201046,47.966139],[-122.201065,47.966483],[-122.201077,47.966712],[-122.201113,47.967386],[-122.201117,47.967448],[-122.201118,47.967523],[-122.201127,47.967887],[-122.201128,47.967914],[-122.201133,47.968127],[-122.201141,47.968464],[-122.201145,47.968608],[-122.201146,47.968675],[-122.201148,47.968761],[-122.201153,47.968867],[-122.201167,47.969207],[-122.201173,47.969344],[-122.201182,47.969543],[-122.201193,47.969804],[-122.201198,47.969923],[-122.201204,47.970076],[-122.20123,47.970664],[-122.201262,47.971384],[-122.201308,47.97244],[-122.201319,47.972702],[-122.201373,47.973931],[-122.201376,47.974013],[-122.201381,47.974112],[-122.201443,47.975343],[-122.201472,47.976075],[-122.201475,47.97616],[-122.201476,47.976185],[-122.20149,47.976537],[-122.201494,47.976652],[-122.201502,47.97682],[-122.201506,47.976891],[-122.20151,47.976989],[-122.20152,47.977195],[-122.201554,47.977897],[-122.201559,47.977991],[-122.201558,47.978111],[-122.201555,47.978775],[-122.201554,47.97906],[-122.201553,47.979221],[-122.201548,47.979347],[-122.201538,47.979655],[-122.201538,47.979952],[-122.201527,47.980541],[-122.201524,47.980769],[-122.20152,47.981117],[-122.201518,47.981304],[-122.201516,47.98145],[-122.201515,47.98157],[-122.201513,47.981749],[-122.201511,47.981885],[-122.201509,47.982043],[-122.201506,47.982328],[-122.201504,47.982535],[-122.201503,47.982572],[-122.201497,47.982862],[-122.20149,47.983195],[-122.201482,47.983785],[-122.20148,47.983933],[-122.201478,47.98403],[-122.201474,47.984326],[-122.201473,47.984421],[-122.201472,47.984496],[-122.201467,47.984604],[-122.201449,47.98507],[-122.201443,47.985222],[-122.201441,47.985259],[-122.201426,47.985624],[-122.201419,47.98581],[-122.201416,47.986018],[-122.201409,47.986525],[-122.201408,47.986597],[-122.201405,47.986797],[-122.201402,47.98704],[-122.201401,47.987121],[-122.201396,47.987223],[-122.201368,47.987784],[-122.201336,47.988442],[-122.201327,47.989502],[-122.201326,47.989592],[-122.201325,47.989757],[-122.201321,47.989978],[-122.201313,47.990401],[-122.201303,47.990909],[-122.2013,47.991074],[-122.201292,47.991458],[-122.201289,47.991596],[-122.201284,47.991828],[-122.201276,47.992226],[-122.201274,47.99229],[-122.201272,47.992399],[-122.201269,47.992508],[-122.201253,47.993003],[-122.201234,47.993627],[-122.201231,47.993713],[-122.201227,47.993803],[-122.201216,47.99403],[-122.201209,47.994188],[-122.201192,47.994534],[-122.201185,47.99503],[-122.20116,47.995477],[-122.20116,47.995519],[-122.20116,47.995739],[-122.201159,47.996018],[-122.201158,47.996254],[-122.201156,47.996347],[-122.201154,47.996418],[-122.201124,47.997],[-122.2011,47.997468],[-122.201089,47.997669],[-122.201084,47.998282],[-122.201079,47.998889],[-122.201078,47.998971],[-122.201075,47.999063],[-122.201074,47.999118],[-122.201054,47.999612],[-122.201039,47.999996],[-122.201031,48.000205],[-122.201027,48.00029],[-122.201025,48.000378],[-122.201014,48.000819],[-122.201015,48.000876],[-122.20101,48.001117],[-122.201007,48.001279],[-122.201002,48.001517],[-122.201,48.001599],[-122.200926,48.001677],[-122.200921,48.002092],[-122.200887,48.002306],[-122.20074,48.002758],[-122.200534,48.003131],[-122.200439,48.003256],[-122.200384,48.003329],[-122.200245,48.003473],[-122.200228,48.003585],[-122.200144,48.003668],[-122.200084,48.003726],[-122.199969,48.003823],[-122.199616,48.004096],[-122.199512,48.004184],[-122.199473,48.004212],[-122.199391,48.004276],[-122.198278,48.005126],[-122.19766,48.005598],[-122.197561,48.005673],[-122.197531,48.005697],[-122.197455,48.005755],[-122.197323,48.00586],[-122.196859,48.006226],[-122.196286,48.006679],[-122.195758,48.007097],[-122.195359,48.007406],[-122.194788,48.007847],[-122.194697,48.007918],[-122.194412,48.008139],[-122.194144,48.008346],[-122.192538,48.009588],[-122.192033,48.009913],[-122.191598,48.010242],[-122.190694,48.010952],[-122.190359,48.011212],[-122.19021,48.011351],[-122.189734,48.011818],[-122.189449,48.012111],[-122.189254,48.012324],[-122.188852,48.012811],[-122.188683,48.013056],[-122.188553,48.013289],[-122.188341,48.013746],[-122.188246,48.01402],[-122.188168,48.014308],[-122.186885,48.01926],[-122.186736,48.019838],[-122.18639,48.020986],[-122.18573,48.022868],[-122.184534,48.026033],[-122.182925,48.030468],[-122.182322,48.032136],[-122.181942,48.033332],[-122.181715,48.034176],[-122.181528,48.034874],[-122.180857,48.037394],[-122.180679,48.038069],[-122.180546,48.03852],[-122.180317,48.039041],[-122.180006,48.039442],[-122.179577,48.039902],[-122.178902,48.040632],[-122.178815,48.040913],[-122.178802,48.041128],[-122.178817,48.041322],[-122.178866,48.041498],[-122.178945,48.041651],[-122.179181,48.041921],[-122.179822,48.042475],[-122.179965,48.042632],[-122.180146,48.042911],[-122.18044,48.043328],[-122.181016,48.044158],[-122.183579,48.048562],[-122.1837,48.048835],[-122.184129,48.049849],[-122.184292,48.050458],[-122.184386,48.051175],[-122.184402,48.051639],[-122.184419,48.052133],[-122.184378,48.055925],[-122.184575,48.060537],[-122.184713,48.06414],[-122.184732,48.065063],[-122.184746,48.065752],[-122.184738,48.068459],[-122.184644,48.070432],[-122.184601,48.079418],[-122.18467,48.096303],[-122.184687,48.104182],[-122.184764,48.113412],[-122.184919,48.118392],[-122.185202,48.12419],[-122.185234,48.12514],[-122.185331,48.126848],[-122.185485,48.128716],[-122.185674,48.132938],[-122.185786,48.134639],[-122.186077,48.137349],[-122.186249,48.13874],[-122.187478,48.145492],[-122.187837,48.147618],[-122.187894,48.147996],[-122.18933,48.15614],[-122.1896,48.1576],[-122.19096,48.165541],[-122.192473,48.174004],[-122.192678,48.175139],[-122.192884,48.175854],[-122.193256,48.176728],[-122.193579,48.177413],[-122.194189,48.178319],[-122.194798,48.179059],[-122.195321,48.179643],[-122.19739,48.182053],[-122.200463,48.185435],[-122.201765,48.186869],[-122.20502,48.190516],[-122.207466,48.193228],[-122.207878,48.193709],[-122.208183,48.194123],[-122.208813,48.195098],[-122.208951,48.195419],[-122.209535,48.196415],[-122.210342,48.198297],[-122.212075,48.20173],[-122.213674,48.204984],[-122.214081,48.205756],[-122.214671,48.207036],[-122.215122,48.208187],[-122.217283,48.21404],[-122.217577,48.214926],[-122.218872,48.218286],[-122.219225,48.219204],[-122.219637,48.220018],[-122.22041,48.221376],[-122.221216,48.222434],[-122.221989,48.223344],[-122.222853,48.224284],[-122.223842,48.225164],[-122.225035,48.226016],[-122.233078,48.231269],[-122.234165,48.232091],[-122.235571,48.233363],[-122.237577,48.235443],[-122.237781,48.235653],[-122.239433,48.237358],[-122.240634,48.238604],[-122.241034,48.239023],[-122.243103,48.241253],[-122.244788,48.243055],[-122.247984,48.246475],[-122.250908,48.249576],[-122.251473,48.250228],[-122.252995,48.251919],[-122.259626,48.259916],[-122.260544,48.260985],[-122.262585,48.262775],[-122.263514,48.26359],[-122.264552,48.264453],[-122.268303,48.267493],[-122.268807,48.267902],[-122.271931,48.270654],[-122.272802,48.271424],[-122.284826,48.281751],[-122.291465,48.287367],[-122.291819,48.287654],[-122.296779,48.291917],[-122.303445,48.297609],[-122.310589,48.303693],[-122.311608,48.304593],[-122.313213,48.305925],[-122.314133,48.30668],[-122.315014,48.307329],[-122.316164,48.308146],[-122.317787,48.309187],[-122.318929,48.310002],[-122.320093,48.310929],[-122.32094,48.311814],[-122.321648,48.312713],[-122.322217,48.31352],[-122.324328,48.316758],[-122.325627,48.318596],[-122.325926,48.319062],[-122.328576,48.323354],[-122.328837,48.323772],[-122.331383,48.327942],[-122.332396,48.329695],[-122.332773,48.330522],[-122.3331,48.331344],[-122.333534,48.332891],[-122.33431,48.336594],[-122.334523,48.337574],[-122.335532,48.342431],[-122.335735,48.343685],[-122.335854,48.345026],[-122.335884,48.345775],[-122.335912,48.346508],[-122.335811,48.35587],[-122.335617,48.366614],[-122.335391,48.376598],[-122.335337,48.377234],[-122.335311,48.377473],[-122.335241,48.3779],[-122.335134,48.378418],[-122.334857,48.379262],[-122.334586,48.379921],[-122.334215,48.38065],[-122.333623,48.381592],[-122.333294,48.382033],[-122.332865,48.382511],[-122.331966,48.38358],[-122.331583,48.384124],[-122.331143,48.384922],[-122.330761,48.385821],[-122.330646,48.386281],[-122.330607,48.386575],[-122.330521,48.387929],[-122.330443,48.390136],[-122.330405,48.393985],[-122.33037,48.395812],[-122.330371,48.397945],[-122.330328,48.399605],[-122.330553,48.402696],[-122.330627,48.403752],[-122.330747,48.405011],[-122.331465,48.413429],[-122.331469,48.414074],[-122.331562,48.414604],[-122.331712,48.415195],[-122.331927,48.415708],[-122.332302,48.416441],[-122.332765,48.417281],[-122.333005,48.41772],[-122.333889,48.419292],[-122.335039,48.421365],[-122.335811,48.422615],[-122.336165,48.423127],[-122.337894,48.425506],[-122.338713,48.426645],[-122.340021,48.428415],[-122.340403,48.429065],[-122.340752,48.429844],[-122.340997,48.430857],[-122.341043,48.431361],[-122.341032,48.432219],[-122.341044,48.432506],[-122.340996,48.435666],[-122.34099,48.436042],[-122.341033,48.438213],[-122.341016,48.440444],[-122.341015,48.440981],[-122.340993,48.443285],[-122.341106,48.446444],[-122.341127,48.447379],[-122.341147,48.448254],[-122.34113,48.449775],[-122.341213,48.452797],[-122.341327,48.457578],[-122.341366,48.458799],[-122.341368,48.459082],[-122.341475,48.463674],[-122.34151,48.464136],[-122.341559,48.46501],[-122.341689,48.46669],[-122.341841,48.468803],[-122.341936,48.470577],[-122.34198,48.4712],[-122.342044,48.471975],[-122.342142,48.4734],[-122.342314,48.475522],[-122.342377,48.476641],[-122.342452,48.47753],[-122.342461,48.478065],[-122.342397,48.47865],[-122.342276,48.479179],[-122.342181,48.479474],[-122.34205,48.479821],[-122.341727,48.480481],[-122.341399,48.480985],[-122.34119,48.48128],[-122.340818,48.481703],[-122.340523,48.482007],[-122.340226,48.482303],[-122.339748,48.482693],[-122.339402,48.482969],[-122.33801,48.483973],[-122.337302,48.484585],[-122.336863,48.485069],[-122.336604,48.48539],[-122.33632,48.485825],[-122.336009,48.486381],[-122.335786,48.48691],[-122.335615,48.487426],[-122.335551,48.487791],[-122.335482,48.488674],[-122.335455,48.489133],[-122.335419,48.491699],[-122.335358,48.493046],[-122.335356,48.493248],[-122.33527,48.497334],[-122.335307,48.498047],[-122.335403,48.498914],[-122.335661,48.500299],[-122.335836,48.500981],[-122.336161,48.501991],[-122.336405,48.502615],[-122.336799,48.503489],[-122.337045,48.504043],[-122.337886,48.505459],[-122.338787,48.506983],[-122.341772,48.512115],[-122.342565,48.513468],[-122.343137,48.514432],[-122.343531,48.515114],[-122.345706,48.518795],[-122.345939,48.519198],[-122.348016,48.522634],[-122.348815,48.524063],[-122.349083,48.524533],[-122.350022,48.5262],[-122.350563,48.527354],[-122.350813,48.527942],[-122.350966,48.528383],[-122.351249,48.529236],[-122.351636,48.531043],[-122.351747,48.532475],[-122.35185,48.54196],[-122.35179,48.542597],[-122.351636,48.543285],[-122.351256,48.544144],[-122.350192,48.546184],[-122.34972,48.547173],[-122.349531,48.547775],[-122.349376,48.548604],[-122.349368,48.549366],[-122.349445,48.550104],[-122.350115,48.552724],[-122.350235,48.553485],[-122.350286,48.554132],[-122.350278,48.55503],[-122.35014,48.55586],[-122.349969,48.556502],[-122.349437,48.557888],[-122.34796,48.561694],[-122.347892,48.562006],[-122.347746,48.562818],[-122.347587,48.564351],[-122.347765,48.568578],[-122.347767,48.570939],[-122.34763,48.572768],[-122.346907,48.57634],[-122.34678,48.576971],[-122.345853,48.581633],[-122.344952,48.585755],[-122.3443,48.589033],[-122.343766,48.591633],[-122.343678,48.592205],[-122.343544,48.59393],[-122.343613,48.595082],[-122.343718,48.595941],[-122.343824,48.596609],[-122.345288,48.604435],[-122.345589,48.60545],[-122.345961,48.606422],[-122.34622,48.606997],[-122.346584,48.607629],[-122.34704,48.608359],[-122.347664,48.609215],[-122.348093,48.609732],[-122.354728,48.617687],[-122.35538,48.618697],[-122.355732,48.619418],[-122.355973,48.620087],[-122.356184,48.620809],[-122.356324,48.621494],[-122.35678,48.625147],[-122.356925,48.626129],[-122.357177,48.627445],[-122.357418,48.628385],[-122.357697,48.629193],[-122.359826,48.634338],[-122.362728,48.641333],[-122.362909,48.641762],[-122.363187,48.642424],[-122.364204,48.644893],[-122.365603,48.648239],[-122.365894,48.648908],[-122.366564,48.650643],[-122.366959,48.651964],[-122.367399,48.653188],[-122.367994,48.654888],[-122.368081,48.655185],[-122.368838,48.656943],[-122.369962,48.65932],[-122.371131,48.66207],[-122.371814,48.664167],[-122.37226,48.665455],[-122.372569,48.666072],[-122.372904,48.666548],[-122.373428,48.667154],[-122.374123,48.66767],[-122.374973,48.668175],[-122.376526,48.668889],[-122.378629,48.66979],[-122.379822,48.670363],[-122.38171,48.671349],[-122.382878,48.671916],[-122.384457,48.672624],[-122.38583,48.67314],[-122.388199,48.673922],[-122.389401,48.674455],[-122.390714,48.675206],[-122.392087,48.676133],[-122.393031,48.676847],[-122.393646,48.677433],[-122.394199,48.678218],[-122.394473,48.67904],[-122.394542,48.679833],[-122.39431,48.680819],[-122.393958,48.682146],[-122.393795,48.683137],[-122.393855,48.683721],[-122.393941,48.684237],[-122.394147,48.684712],[-122.394422,48.685189],[-122.394851,48.685755],[-122.39528,48.686197],[-122.396061,48.686764],[-122.396748,48.687155],[-122.397778,48.687568],[-122.399924,48.688248],[-122.401374,48.68886],[-122.401606,48.689053],[-122.401692,48.689246],[-122.401726,48.689489],[-122.401683,48.689637],[-122.401572,48.68975],[-122.401461,48.689832],[-122.401308,48.689893],[-122.401398,48.689936],[-122.401552,48.69001],[-122.401818,48.690139],[-122.404468,48.691363],[-122.408183,48.693078],[-122.40821,48.69309],[-122.4137,48.695626],[-122.414798,48.696032],[-122.416107,48.696451],[-122.420979,48.697914],[-122.422965,48.69854],[-122.423125,48.698582],[-122.423493,48.698694],[-122.424687,48.699054],[-122.425625,48.69936],[-122.426123,48.699537],[-122.426801,48.699828],[-122.427345,48.700104],[-122.428768,48.701003],[-122.429428,48.70135],[-122.432131,48.702841],[-122.435471,48.70472],[-122.436711,48.705418],[-122.43736,48.705723],[-122.437891,48.705905],[-122.438471,48.706104],[-122.438979,48.706237],[-122.439558,48.706352],[-122.440431,48.706475],[-122.440963,48.70651],[-122.442119,48.706508],[-122.443014,48.706502],[-122.443681,48.706499],[-122.4452,48.706493],[-122.44741,48.706467],[-122.449424,48.706443],[-122.451668,48.706412],[-122.454023,48.706418],[-122.45488,48.706405],[-122.455971,48.706399],[-122.456738,48.706466],[-122.457541,48.706569],[-122.458295,48.706741],[-122.459015,48.706939],[-122.459696,48.707185],[-122.460244,48.707416],[-122.460459,48.707547],[-122.460849,48.707746],[-122.461457,48.708103],[-122.463031,48.709029],[-122.46354,48.709309],[-122.463966,48.709565],[-122.464519,48.709898],[-122.464862,48.710155],[-122.465722,48.710801],[-122.466141,48.711181],[-122.466344,48.711399],[-122.46665,48.711728],[-122.467257,48.712497],[-122.467387,48.712662],[-122.467753,48.713551],[-122.467916,48.71401],[-122.468015,48.714289],[-122.469015,48.717179],[-122.469604,48.718796],[-122.469707,48.71907],[-122.469979,48.719945],[-122.470126,48.720406],[-122.471043,48.723017],[-122.471389,48.724017],[-122.471534,48.724552],[-122.471642,48.725],[-122.471694,48.7253],[-122.471747,48.72585],[-122.471755,48.726372],[-122.471733,48.726783],[-122.471678,48.727155],[-122.471535,48.727987],[-122.471423,48.72842],[-122.47135,48.728613],[-122.471242,48.728884],[-122.471118,48.729086],[-122.470971,48.729273],[-122.470636,48.729602],[-122.470398,48.729801],[-122.470247,48.729897],[-122.46985,48.730186],[-122.46898,48.730758],[-122.468213,48.731296],[-122.468428,48.731381],[-122.468685,48.731653],[-122.469233,48.732455],[-122.469485,48.732861],[-122.469869,48.733641],[-122.469868,48.734063],[-122.469866,48.734799],[-122.469864,48.735435],[-122.469862,48.738003],[-122.469862,48.738233],[-122.469854,48.739336],[-122.469814,48.739501],[-122.469778,48.739651],[-122.470049,48.73983],[-122.470294,48.739992],[-122.470783,48.740315],[-122.471307,48.740658],[-122.471698,48.740915],[-122.471886,48.74101],[-122.471826,48.742376],[-122.471814,48.74289],[-122.471806,48.743268],[-122.471795,48.743792],[-122.471783,48.744543],[-122.471776,48.745015],[-122.472027,48.745107],[-122.472442,48.745379],[-122.472959,48.745718],[-122.473492,48.746064],[-122.473994,48.74639],[-122.474543,48.746746],[-122.475025,48.747059],[-122.475543,48.747398],[-122.476052,48.74773],[-122.476591,48.748071],[-122.477091,48.748407],[-122.477619,48.748752],[-122.478143,48.749076],[-122.478639,48.749414],[-122.479163,48.749752],[-122.47969,48.750094],[-122.480199,48.750424],[-122.480743,48.750774],[-122.48101,48.750946],[-122.481236,48.751096],[-122.481012,48.751251],[-122.481025,48.751877],[-122.481046,48.752862],[-122.481066,48.753873],[-122.481072,48.754132],[-122.481085,48.754773],[-122.481087,48.754884],[-122.481094,48.754916],[-122.48111,48.754961],[-122.481172,48.755006],[-122.481202,48.755023],[-122.481546,48.755238],[-122.481635,48.755297],[-122.482333,48.755797],[-122.482999,48.756243],[-122.483787,48.756728],[-122.484563,48.757241],[-122.485335,48.757737],[-122.486089,48.758251],[-122.486838,48.758743],[-122.487603,48.759241],[-122.488213,48.759664],[-122.488298,48.759738],[-122.488383,48.759813],[-122.488386,48.759974],[-122.488396,48.760616],[-122.488406,48.76178],[-122.488407,48.761882],[-122.488405,48.761979],[-122.488384,48.763138],[-122.488379,48.764381],[-122.488386,48.764768],[-122.489083,48.765609],[-122.48913,48.765666],[-122.489202,48.765755],[-122.491094,48.768095],[-122.491176,48.768196],[-122.491226,48.768259],[-122.491788,48.768956],[-122.49191,48.769107],[-122.492601,48.769962],[-122.492663,48.770038],[-122.493937,48.771617],[-122.494599,48.772436],[-122.494827,48.772719],[-122.494991,48.772923],[-122.495664,48.773721],[-122.495767,48.773851],[-122.495833,48.773934],[-122.495924,48.774046],[-122.496701,48.77501],[-122.497212,48.775644],[-122.497338,48.775604],[-122.497562,48.775548],[-122.497654,48.775546],[-122.497807,48.775576],[-122.499795,48.776154],[-122.50178,48.776695],[-122.502139,48.776802],[-122.502256,48.776837],[-122.502723,48.776992],[-122.503108,48.777139],[-122.503154,48.777161],[-122.503473,48.777309],[-122.504027,48.777617],[-122.50739,48.779902],[-122.509459,48.781312],[-122.511192,48.782454],[-122.514509,48.784704],[-122.515512,48.785378],[-122.516525,48.786094],[-122.517945,48.787062],[-122.518234,48.787354],[-122.518574,48.787732],[-122.518684,48.787936],[-122.51881,48.78835],[-122.518825,48.788533],[-122.518884,48.789165],[-122.51897,48.789493],[-122.519099,48.78977],[-122.519236,48.789956],[-122.519394,48.790117],[-122.519785,48.790363],[-122.521285,48.791125],[-122.521968,48.7915],[-122.522908,48.792118],[-122.524906,48.793523],[-122.525209,48.793784],[-122.530525,48.799255],[-122.535864,48.804762],[-122.537544,48.806496],[-122.544601,48.813778],[-122.546009,48.815213],[-122.549064,48.818367],[-122.550867,48.820215],[-122.553246,48.822693],[-122.563545,48.833288],[-122.567031,48.836828],[-122.568819,48.838683],[-122.569359,48.839202],[-122.57002,48.839948],[-122.570729,48.840822],[-122.571673,48.842254],[-122.572031,48.842844],[-122.57264,48.843653],[-122.572821,48.843871],[-122.574231,48.845377],[-122.575991,48.847169],[-122.578765,48.850014],[-122.578848,48.850156],[-122.57937,48.850648],[-122.581106,48.852228],[-122.581614,48.852735],[-122.582147,48.853206],[-122.583577,48.854721],[-122.584109,48.8553],[-122.584968,48.856384],[-122.585107,48.856542],[-122.585305,48.856858],[-122.585612,48.857813],[-122.585832,48.858093],[-122.585998,48.858233],[-122.586119,48.858356],[-122.586334,48.858601],[-122.587089,48.859603],[-122.587366,48.86002],[-122.587554,48.860375],[-122.587643,48.860626],[-122.587715,48.861066],[-122.587928,48.862178],[-122.58815,48.86445],[-122.588452,48.867235],[-122.588963,48.872543],[-122.588875,48.876204],[-122.588642,48.883424],[-122.588625,48.884438],[-122.588689,48.885084],[-122.588837,48.885729],[-122.589251,48.886573],[-122.589632,48.887153],[-122.590114,48.887691],[-122.590505,48.888065],[-122.591123,48.888569],[-122.592803,48.889617],[-122.594328,48.890533],[-122.599884,48.893906],[-122.600123,48.894056],[-122.602577,48.895588],[-122.605702,48.897446],[-122.610978,48.900634],[-122.616681,48.904101],[-122.617691,48.904769],[-122.618957,48.905664],[-122.619272,48.905892],[-122.624151,48.909516],[-122.62615,48.911159],[-122.627363,48.912323],[-122.630588,48.916101],[-122.632684,48.91861],[-122.633951,48.919917],[-122.635501,48.921261],[-122.636566,48.922109],[-122.639772,48.924223],[-122.643072,48.926349],[-122.644404,48.927092],[-122.646655,48.928209],[-122.65063,48.930097],[-122.656573,48.933014],[-122.658936,48.934112],[-122.664247,48.936683],[-122.66606,48.937703],[-122.667417,48.938616],[-122.682952,48.948915],[-122.6867,48.951443],[-122.694282,48.956425],[-122.696545,48.957974],[-122.701221,48.961033],[-122.708758,48.965309],[-122.716956,48.97],[-122.717985,48.97076],[-122.7192,48.971721],[-122.720192,48.972547],[-122.720395,48.972697],[-122.72668,48.977843],[-122.728568,48.979392],[-122.729192,48.979996],[-122.730109,48.980932],[-122.732952,48.984309],[-122.733366,48.984794],[-122.734885,48.986155],[-122.735523,48.986704],[-122.736323,48.987301],[-122.737953,48.988417],[-122.739538,48.989502],[-122.740879,48.990414],[-122.744374,48.993363],[-122.744913,48.993764],[-122.745356,48.994073],[-122.745746,48.994311],[-122.746186,48.994556],[-122.747255,48.995106],[-122.74867,48.995855],[-122.749013,48.996023],[-122.750229,48.996661],[-122.750648,48.996909],[-122.75107,48.997171],[-122.751511,48.997466],[-122.751741,48.997634],[-122.752277,48.998059],[-122.752379,48.99814],[-122.752674,48.998326],[-122.752878,48.998509],[-122.753093,48.998813],[-122.753169,48.998899],[-122.753293,48.998993],[-122.75347,48.999147],[-122.753594,48.99932],[-122.753762,48.9995],[-122.754501,49.000268],[-122.754797,49.000565],[-122.755395,49.001245],[-122.755581,49.001472],[-122.755789,49.001721],[-122.756004,49.002086],[-122.756726,49.003092],[-122.756757,49.003156],[-122.756862,49.003375],[-122.756907,49.003517],[-122.756905,49.003828],[-122.756913,49.004776],[-122.75691,49.004874],[-122.756903,49.00502],[-122.756995,49.005309],[-122.757008,49.005447],[-122.757012,49.005973],[-122.757019,49.006153],[-122.757032,49.006268],[-122.757087,49.006454],[-122.757142,49.006575],[-122.757247,49.006774],[-122.757327,49.006965],[-122.757362,49.007114],[-122.75738,49.007292],[-122.757381,49.007376],[-122.757387,49.007489],[-122.75739,49.007875],[-122.757395,49.00835],[-122.757399,49.008586],[-122.757407,49.009478],[-122.75743,49.009691],[-122.757434,49.010103],[-122.757439,49.01053],[-122.75743,49.011377],[-122.757418,49.011553],[-122.757524,49.012854],[-122.757659,49.013294],[-122.757809,49.013667],[-122.758261,49.014536],[-122.758839,49.015531],[-122.760142,49.017826],[-122.761668,49.020642],[-122.76336,49.023608],[-122.764211,49.025013],[-122.765268,49.026903],[-122.765839,49.027723],[-122.766728,49.028775],[-122.767447,49.029518],[-122.768065,49.03009],[-122.770897,49.032628],[-122.771755,49.033402],[-122.773068,49.034586],[-122.781076,49.041788],[-122.784123,49.044579],[-122.785591,49.045872],[-122.786916,49.047087],[-122.787617,49.047729],[-122.789814,49.049704],[-122.792363,49.051999],[-122.793374,49.052834],[-122.794294,49.053557],[-122.795942,49.054732],[-122.799418,49.057286],[-122.800946,49.05836],[-122.80262,49.05962],[-122.804181,49.060762],[-122.804611,49.061077],[-122.805607,49.061791],[-122.807881,49.063428],[-122.808226,49.063686],[-122.809469,49.06462],[-122.813237,49.067319],[-122.813679,49.067652],[-122.814129,49.067995],[-122.814423,49.068217],[-122.814705,49.068432],[-122.815948,49.069323],[-122.818438,49.07112],[-122.819657,49.07202],[-122.820673,49.072802],[-122.821631,49.073471],[-122.824866,49.075817],[-122.826522,49.077033],[-122.827434,49.077676],[-122.829006,49.078842],[-122.830798,49.080133],[-122.834103,49.082551],[-122.835905,49.083832],[-122.837476,49.08499],[-122.839742,49.086642],[-122.840746,49.08738],[-122.841484,49.087874],[-122.841845,49.088087],[-122.842789,49.088543],[-122.843982,49.088953],[-122.844617,49.08911],[-122.845235,49.089234],[-122.846067,49.089324],[-122.848213,49.089465],[-122.852196,49.089729],[-122.852937,49.089776],[-122.855124,49.08991],[-122.856561,49.090007],[-122.860257,49.090237],[-122.861723,49.090324],[-122.865002,49.090504],[-122.86865,49.090735],[-122.871719,49.090938],[-122.871765,49.090932],[-122.874567,49.091109],[-122.878151,49.091336],[-122.88833,49.091976],[-122.89112,49.092137],[-122.891821,49.092235],[-122.892467,49.092367],[-122.892963,49.0925],[-122.893464,49.092696],[-122.893757,49.092852],[-122.89404,49.093037],[-122.894517,49.093387],[-122.895008,49.093978],[-122.895048,49.094041],[-122.895224,49.094322],[-122.895965,49.095543],[-122.897133,49.097431],[-122.898259,49.099235],[-122.902951,49.106759],[-122.903779,49.108106],[-122.904605,49.109223],[-122.905149,49.109818],[-122.905513,49.110171],[-122.906021,49.110615],[-122.906781,49.111207],[-122.909279,49.112676],[-122.910662,49.11329],[-122.912352,49.113813],[-122.913445,49.114112],[-122.914657,49.114385],[-122.914877,49.114428],[-122.915486,49.11455],[-122.917391,49.114888],[-122.918897,49.115134],[-122.920617,49.115502],[-122.922062,49.115963],[-122.923659,49.116701],[-122.924796,49.117377],[-122.925438,49.117901],[-122.925861,49.118339],[-122.926296,49.11879],[-122.926626,49.119227],[-122.926664,49.119306],[-122.92709,49.120077],[-122.927203,49.120336],[-122.927458,49.121057],[-122.927732,49.122695],[-122.927901,49.124533],[-122.927912,49.124665],[-122.928074,49.127799],[-122.92817,49.129154],[-122.928242,49.130233],[-122.928339,49.131262],[-122.928451,49.132846],[-122.928533,49.133445],[-122.928656,49.1339],[-122.928679,49.133976],[-122.928715,49.134065],[-122.928815,49.134285],[-122.929136,49.134821],[-122.929757,49.135506],[-122.93054,49.136326],[-122.93102,49.136827],[-122.932119,49.138053],[-122.934402,49.140442],[-122.934648,49.140772],[-122.934977,49.141259],[-122.935186,49.141667],[-122.93608,49.143715],[-122.93784,49.148002],[-122.938054,49.148516],[-122.938123,49.148662],[-122.940999,49.155611],[-122.943792,49.162636],[-122.94535,49.166155],[-122.945766,49.166882],[-122.946317,49.167531],[-122.946738,49.167958],[-122.947226,49.168349],[-122.947472,49.168527],[-122.94948,49.16979],[-122.95056,49.170506],[-122.951576,49.171161],[-122.952835,49.171977],[-122.953413,49.172337],[-122.953743,49.172564],[-122.954013,49.172793],[-122.954254,49.173051],[-122.95445,49.173317],[-122.95456,49.173572],[-122.954647,49.173736],[-122.95477,49.174157],[-122.954846,49.174532],[-122.954877,49.174752],[-122.954976,49.175189],[-122.955057,49.175445],[-122.955218,49.17579],[-122.9554,49.176053],[-122.955657,49.176314],[-122.955936,49.17653],[-122.95631,49.17675],[-122.956766,49.176993],[-122.957235,49.177141],[-122.957536,49.177211],[-122.958106,49.177301],[-122.958839,49.177403],[-122.95927,49.177464],[-122.959727,49.177558],[-122.960197,49.177704],[-122.960589,49.177874],[-122.960951,49.17809],[-122.961271,49.178341],[-122.961533,49.178626],[-122.96171,49.178911],[-122.961836,49.179233],[-122.961925,49.179703],[-122.961878,49.180295],[-122.961617,49.180982],[-122.961377,49.181334],[-122.961084,49.181654],[-122.960735,49.181931],[-122.960232,49.182262],[-122.959615,49.182589],[-122.959045,49.182795],[-122.958421,49.18297],[-122.957494,49.18317],[-122.956879,49.183301],[-122.955763,49.183539],[-122.954891,49.183751],[-122.954262,49.183946],[-122.953458,49.184239],[-122.953135,49.184379],[-122.952771,49.184557],[-122.952398,49.184739],[-122.952007,49.184965],[-122.951633,49.185208],[-122.951203,49.185439],[-122.949676,49.186542],[-122.949113,49.186935],[-122.948143,49.187429],[-122.948039,49.187495],[-122.947869,49.187602],[-122.947578,49.187805],[-122.947222,49.188071],[-122.946709,49.188399],[-122.946246,49.1886],[-122.945617,49.188801],[-122.945098,49.188971],[-122.944142,49.189308],[-122.943639,49.189559],[-122.943201,49.189857],[-122.942985,49.190031],[-122.942896,49.190208],[-122.942833,49.190289],[-122.94272,49.190427],[-122.942623,49.19057],[-122.942588,49.190649],[-122.942497,49.190872],[-122.942437,49.191135],[-122.942427,49.191415],[-122.942451,49.191603],[-122.942587,49.191992],[-122.942706,49.192183],[-122.942938,49.192476],[-122.943207,49.192761],[-122.948025,49.197258],[-122.949131,49.19827],[-122.949319,49.198568],[-122.949339,49.198754],[-122.949292,49.198915],[-122.949151,49.199091],[-122.948956,49.199238],[-122.948509,49.199427],[-122.945603,49.199995],[-122.945429,49.200029],[-122.945195,49.200077],[-122.945485,49.200553],[-122.945707,49.200784],[-122.945868,49.200846],[-122.946025,49.200986],[-122.946416,49.201303],[-122.946747,49.201561],[-122.946841,49.201635],[-122.947555,49.202201],[-122.947975,49.202532],[-122.948335,49.202848],[-122.948799,49.203219],[-122.949146,49.203495],[-122.949265,49.20359],[-122.949478,49.203759],[-122.94956,49.203824],[-122.949707,49.203941],[-122.949928,49.204117],[-122.950185,49.204322],[-122.950314,49.204425],[-122.950373,49.204472],[-122.950641,49.204684],[-122.950726,49.204753],[-122.951106,49.205056],[-122.95155,49.205419],[-122.95184,49.20564],[-122.951929,49.20573],[-122.952033,49.205809],[-122.952098,49.205862],[-122.9524,49.206162],[-122.952709,49.206538],[-122.952906,49.207048],[-122.952951,49.208653],[-122.953055,49.209034],[-122.953284,49.209415],[-122.953719,49.209855],[-122.953976,49.210032],[-122.954914,49.210655],[-122.955581,49.211183],[-122.955622,49.211216],[-122.956532,49.212141],[-122.956936,49.212469],[-122.957279,49.21275],[-122.957644,49.213039],[-122.957725,49.213103],[-122.957811,49.213169],[-122.958555,49.213789],[-122.959004,49.214116],[-122.95978,49.214699],[-122.960026,49.214897],[-122.960283,49.21512],[-122.96054,49.215346],[-122.960769,49.215647],[-122.960932,49.216199],[-122.960933,49.216742],[-122.960933,49.216836],[-122.960934,49.21718],[-122.960934,49.217997],[-122.960934,49.218409],[-122.960985,49.218446],[-122.961523,49.218442],[-122.96401,49.218421],[-122.964144,49.218421],[-122.964776,49.218418],[-122.96487,49.218473],[-122.965542,49.218587],[-122.96768,49.219046],[-122.967766,49.219064],[-122.968105,49.219135],[-122.968231,49.219158],[-122.968328,49.219137],[-122.970828,49.219664],[-122.972016,49.219925],[-122.972749,49.220088],[-122.972934,49.220131],[-122.973267,49.220209],[-122.973487,49.220261],[-122.97476,49.220561],[-122.97612,49.220919],[-122.976307,49.220978],[-122.977555,49.221373],[-122.978726,49.221734],[-122.978895,49.221786],[-122.979039,49.221832],[-122.97944,49.22196],[-122.98023,49.222218],[-122.980748,49.222373],[-122.981035,49.222475],[-122.982427,49.222912],[-122.983062,49.223118],[-122.984274,49.223514],[-122.984385,49.22355],[-122.98524,49.223823],[-122.985847,49.224016],[-122.986198,49.224128],[-122.986761,49.224308],[-122.987778,49.224632],[-122.988915,49.224995],[-122.990156,49.225399],[-122.990325,49.225452],[-122.991574,49.225862],[-122.991883,49.226009],[-122.994023,49.226722],[-122.994157,49.226767],[-122.994317,49.226823],[-122.994726,49.226953],[-122.995095,49.227079],[-122.996222,49.227448],[-122.996398,49.227509],[-122.996616,49.227578],[-122.997697,49.227916],[-122.998467,49.228155],[-122.999264,49.22842],[-123.001163,49.229077],[-123.002137,49.229391],[-123.002418,49.229485],[-123.002573,49.229531],[-123.002712,49.229579],[-123.002864,49.229634],[-123.004586,49.230195],[-123.004719,49.230237],[-123.004854,49.230281],[-123.00504,49.23034],[-123.006236,49.230737],[-123.007286,49.231086],[-123.007635,49.231146],[-123.007799,49.231204],[-123.00849,49.231421],[-123.009517,49.231766],[-123.009804,49.231862],[-123.010789,49.232181],[-123.011386,49.232348],[-123.012504,49.232597],[-123.012657,49.23264],[-123.01277,49.232665],[-123.01299,49.232713],[-123.013497,49.232774],[-123.014038,49.232811],[-123.014219,49.232817],[-123.014939,49.232847],[-123.01568,49.232837],[-123.01573,49.232833],[-123.015827,49.232827],[-123.017018,49.232772],[-123.018704,49.232629],[-123.019,49.232609],[-123.019322,49.232586],[-123.019547,49.232572],[-123.020204,49.232529],[-123.020505,49.232553],[-123.020658,49.232544],[-123.020753,49.232539],[-123.020851,49.232532],[-123.021364,49.23251],[-123.022006,49.232467],[-123.022828,49.232415],[-123.023245,49.232394],[-123.023279,49.232392],[-123.023391,49.232387],[-123.023587,49.232377],[-123.0237,49.232371],[-123.024816,49.232308],[-123.025515,49.232261],[-123.02591,49.232246],[-123.026477,49.232226],[-123.028135,49.232137],[-123.029267,49.232086],[-123.029773,49.232063],[-123.030285,49.232039],[-123.030596,49.232039],[-123.030942,49.232059],[-123.031113,49.232068],[-123.031391,49.232116],[-123.03178,49.232199],[-123.032127,49.232314],[-123.032458,49.232446],[-123.033171,49.23282],[-123.033979,49.233237],[-123.035698,49.234119],[-123.035725,49.234132],[-123.035808,49.234175],[-123.035903,49.234223],[-123.035963,49.234253],[-123.036811,49.234694],[-123.037787,49.235084],[-123.037902,49.235129],[-123.038672,49.235428],[-123.039067,49.235566],[-123.039492,49.235678],[-123.039894,49.23576],[-123.040335,49.235817],[-123.040714,49.235857],[-123.041252,49.235913],[-123.042148,49.235987],[-123.042245,49.235995],[-123.042492,49.236015],[-123.044213,49.236156],[-123.045004,49.236252],[-123.04549,49.236368],[-123.045806,49.236477],[-123.046653,49.236765],[-123.047578,49.237108],[-123.048052,49.237308],[-123.04868,49.237597],[-123.048824,49.237665],[-123.048911,49.237706],[-123.049566,49.238004],[-123.049965,49.238185],[-123.050156,49.238272],[-123.051567,49.238928],[-123.051877,49.239071],[-123.051983,49.239118],[-123.052097,49.239178],[-123.052517,49.239371],[-123.053211,49.239715],[-123.053846,49.240006],[-123.053881,49.240019],[-123.053986,49.240071],[-123.054099,49.240122],[-123.054606,49.240352],[-123.054907,49.240486],[-123.056381,49.24115],[-123.056909,49.241406],[-123.057442,49.241652],[-123.057864,49.241848],[-123.058001,49.241912],[-123.058129,49.241966],[-123.059102,49.242402],[-123.060706,49.243106],[-123.061365,49.243405],[-123.061764,49.243606],[-123.063658,49.244517],[-123.06429,49.244834],[-123.064547,49.244958],[-123.064956,49.245155],[-123.065169,49.245258],[-123.06586,49.245548],[-123.066504,49.245845],[-123.067217,49.246171],[-123.067825,49.24645],[-123.068617,49.246831],[-123.068679,49.246859],[-123.068757,49.246894],[-123.068923,49.246974],[-123.069935,49.247441],[-123.071294,49.248086],[-123.072075,49.24845],[-123.072158,49.248488],[-123.072438,49.248616],[-123.073094,49.248913],[-123.073423,49.249055],[-123.073534,49.249102],[-123.075832,49.250053],[-123.075963,49.250112],[-123.07615,49.250215],[-123.076718,49.250513],[-123.077785,49.251124],[-123.078199,49.251332],[-123.079891,49.252117],[-123.081793,49.253018],[-123.083549,49.253838],[-123.083697,49.253909],[-123.085608,49.254807],[-123.087412,49.255639],[-123.08893,49.25637],[-123.089602,49.256683],[-123.089712,49.256732],[-123.089844,49.256792],[-123.08995,49.256839],[-123.090791,49.257215],[-123.090981,49.257288],[-123.091461,49.257418],[-123.091759,49.257467],[-123.092272,49.257554],[-123.092459,49.257597],[-123.092943,49.257772],[-123.093118,49.257858],[-123.094384,49.258574],[-123.095117,49.258992],[-123.095745,49.259367],[-123.096035,49.259545],[-123.096243,49.259701],[-123.096391,49.259835],[-123.09668,49.260093],[-123.097678,49.261077],[-123.098579,49.261981],[-123.099407,49.262844],[-123.100124,49.263678],[-123.100399,49.263987],[-123.100501,49.264096],[-123.10053,49.264165],[-123.100769,49.264467],[-123.100795,49.264602],[-123.100792,49.265324],[-123.100846,49.2655],[-123.100811,49.266402],[-123.100776,49.267312],[-123.100753,49.267897],[-123.100756,49.268221],[-123.100675,49.268299],[-123.100639,49.268914],[-123.100631,49.268991],[-123.100619,49.269111],[-123.100587,49.26967],[-123.100574,49.270065],[-123.100569,49.270142],[-123.100567,49.270195],[-123.100554,49.270485],[-123.100528,49.270705],[-123.100506,49.270895],[-123.100431,49.271092],[-123.10012,49.27164],[-123.100001,49.271913],[-123.09997,49.272067],[-123.099958,49.272618],[-123.09995,49.272708],[-123.099939,49.272868],[-123.099937,49.272949],[-123.099844,49.274791],[-123.099836,49.274922],[-123.099793,49.276019],[-123.099786,49.276767],[-123.099784,49.276926],[-123.099742,49.27756],[-123.099934,49.277557],[-123.099982,49.277557],[-123.100035,49.277554],[-123.100458,49.277544],[-123.102732,49.277454],[-123.103601,49.277455],[-123.103773,49.277447],[-123.104121,49.277448],[-123.104773,49.277481],[-123.105321,49.277525],[-123.106161,49.27765],[-123.106683,49.277756],[-123.107398,49.27797],[-123.108146,49.278295],[-123.108583,49.278535],[-123.108955,49.278769],[-123.10982,49.279343],[-123.109944,49.279423],[-123.11003,49.279479],[-123.110452,49.279792],[-123.110548,49.279855],[-123.110644,49.279917],[-123.110765,49.279991],[-123.111534,49.280465],[-123.112511,49.281096],[-123.112996,49.280769],[-123.113885,49.280182],[-123.114219,49.279973],[-123.115198,49.28058],[-123.115678,49.280907],[-123.116154,49.281222],[-123.116652,49.281543],[-123.117039,49.281794],[-123.117135,49.281856],[-123.117214,49.281907],[-123.118051,49.282435],[-123.118117,49.282479],[-123.11821,49.28254],[-123.119039,49.28308],[-123.119115,49.283129],[-123.119205,49.283188],[-123.119602,49.283446],[-123.120005,49.283708],[-123.120036,49.283729],[-123.120095,49.283764],[-123.120013,49.283819]]","239160.0"
"2","3","2","0","2018-08-16T15:41Z","2018-08-16T15:41Z","0","0","49.265324","-123.100792","49.28381","-123.12","49.265324","-123.100792","49.283819","-123.120013","0","0","[[-123.100792,49.265324],[-123.100846,49.2655],[-123.100811,49.266402],[-123.100776,49.267312],[-123.100753,49.267897],[-123.100756,49.268221],[-123.100824,49.268223],[-123.101539,49.268236],[-123.10276,49.268249],[-123.102741,49.268721],[-123.102724,49.269157],[-123.102723,49.269265],[-123.102717,49.26971],[-123.102687,49.270166],[-123.102607,49.270244],[-123.102421,49.270699],[-123.102412,49.270717],[-123.101917,49.270672],[-123.101448,49.270592],[-123.101202,49.270535],[-123.100883,49.270428],[-123.100733,49.270407],[-123.100554,49.270485],[-123.100528,49.270705],[-123.100506,49.270895],[-123.100431,49.271092],[-123.10012,49.27164],[-123.100001,49.271913],[-123.09997,49.272067],[-123.099958,49.272618],[-123.09995,49.272708],[-123.099939,49.272868],[-123.099937,49.272949],[-123.099844,49.274791],[-123.099836,49.274922],[-123.099793,49.276019],[-123.099786,49.276767],[-123.099784,49.276926],[-123.099742,49.27756],[-123.099934,49.277557],[-123.099982,49.277557],[-123.100035,49.277554],[-123.100458,49.277544],[-123.102732,49.277454],[-123.103601,49.277455],[-123.103773,49.277447],[-123.104121,49.277448],[-123.104773,49.277481],[-123.105321,49.277525],[-123.106161,49.27765],[-123.106683,49.277756],[-123.107398,49.27797],[-123.108146,49.278295],[-123.108583,49.278535],[-123.108955,49.278769],[-123.10982,49.279343],[-123.109944,49.279423],[-123.11003,49.279479],[-123.110452,49.279792],[-123.110548,49.279855],[-123.110644,49.279917],[-123.110765,49.279991],[-123.111534,49.280465],[-123.112511,49.281096],[-123.112996,49.280769],[-123.113885,49.280182],[-123.114219,49.279973],[-123.115198,49.28058],[-123.115678,49.280907],[-123.116154,49.281222],[-123.116652,49.281543],[-123.117039,49.281794],[-123.117135,49.281856],[-123.117214,49.281907],[-123.118051,49.282435],[-123.118117,49.282479],[-123.11821,49.28254],[-123.119039,49.28308],[-123.119115,49.283129],[-123.119205,49.283188],[-123.119602,49.283446],[-123.120005,49.283708],[-123.120036,49.283729],[-123.120095,49.283764],[-123.120013,49.283819]]","3542.2"
"3","3","3","0","2018-08-16T15:41Z","2018-08-16T15:41Z","0","0","49.264467","-123.100769","49.28381","-123.12","49.264467","-123.100769","49.283819","-123.120013","0","0","[[-123.100769,49.264467],[-123.100769,49.264467],[-123.100795,49.264602],[-123.100792,49.265324],[-123.100846,49.2655],[-123.100811,49.266402],[-123.100776,49.267312],[-123.100753,49.267897],[-123.100756,49.268221],[-123.100675,49.268299],[-123.100639,49.268914],[-123.100631,49.268991],[-123.100619,49.269111],[-123.100587,49.26967],[-123.100574,49.270065],[-123.100569,49.270142],[-123.100567,49.270195],[-123.100554,49.270485],[-123.100528,49.270705],[-123.100506,49.270895],[-123.100431,49.271092],[-123.10012,49.27164],[-123.100001,49.271913],[-123.09997,49.272067],[-123.099958,49.272618],[-123.09995,49.272708],[-123.099939,49.272868],[-123.099937,49.272949],[-123.099844,49.274791],[-123.099836,49.274922],[-123.099793,49.276019],[-123.099786,49.276767],[-123.099784,49.276926],[-123.099742,49.27756],[-123.099934,49.277557],[-123.099982,49.277557],[-123.100035,49.277554],[-123.100458,49.277544],[-123.102732,49.277454],[-123.103601,49.277455],[-123.103773,49.277447],[-123.104121,49.277448],[-123.104773,49.277481],[-123.105321,49.277525],[-123.106161,49.27765],[-123.106683,49.277756],[-123.107398,49.27797],[-123.108146,49.278295],[-123.108583,49.278535],[-123.108955,49.278769],[-123.10982,49.279343],[-123.109944,49.279423],[-123.11003,49.279479],[-123.110452,49.279792],[-123.110548,49.279855],[-123.110644,49.279917],[-123.110765,49.279991],[-123.111534,49.280465],[-123.112511,49.281096],[-123.112996,49.280769],[-123.113885,49.280182],[-123.114219,49.279973],[-123.115198,49.28058],[-123.115678,49.280907],[-123.116154,49.281222],[-123.116652,49.281543],[-123.117039,49.281794],[-123.117135,49.281856],[-123.117214,49.281907],[-123.118051,49.282435],[-123.118117,49.282479],[-123.11821,49.28254],[-123.119039,49.28308],[-123.119115,49.283129],[-123.119205,49.283188],[-123.119602,49.283446],[-123.120005,49.283708],[-123.120036,49.283729],[-123.120095,49.283764],[-123.120013,49.283819]]","3327.1"
"4","3","4","0","2018-08-16T15:41Z","2018-08-16T15:41Z","0","0","47.386870980566535","-123.23384951388589","47.476803","-122.259781","47.376783","-123.248158","49.283819","-123.120013","0","0","[[-123.248158,47.376783],[-123.248158,47.376783],[-123.247552,47.376303],[-123.246845,47.375572],[-123.246542,47.375053],[-123.246339,47.37422],[-123.246103,47.373649],[-123.246068,47.372392],[-123.246336,47.37166],[-123.246974,47.37054],[-123.246974,47.37006],[-123.246469,47.3699],[-123.244114,47.369811],[-123.243609,47.369697],[-123.243239,47.369423],[-123.243238,47.368806],[-123.243506,47.367891],[-123.243405,47.367686],[-123.243102,47.367457],[-123.242261,47.367115],[-123.240477,47.366179],[-123.240376,47.366019],[-123.240375,47.365242],[-123.240577,47.364784],[-123.241081,47.364213],[-123.243333,47.362978],[-123.245687,47.36213],[-123.247133,47.361536],[-123.248309,47.360735],[-123.248342,47.360461],[-123.24811,47.360111],[-123.248207,47.360164],[-123.247904,47.359981],[-123.245465,47.359704],[-123.244793,47.359593],[-123.244028,47.359268],[-123.243652,47.358621],[-123.243798,47.358109],[-123.24373,47.357469],[-123.243763,47.357285],[-123.244888,47.356272],[-123.247113,47.355231],[-123.246751,47.355007],[-123.246475,47.354964],[-123.24564,47.355222],[-123.245113,47.355267],[-123.24312,47.354971],[-123.242964,47.354963],[-123.242114,47.354807],[-123.241821,47.354753],[-123.241235,47.354811],[-123.240681,47.354755],[-123.240416,47.354751],[-123.239992,47.354915],[-123.239421,47.354768],[-123.239176,47.354608],[-123.238937,47.353939],[-123.238081,47.353374],[-123.23797,47.353463],[-123.238242,47.354033],[-123.237996,47.354475],[-123.238245,47.355125],[-123.238787,47.355615],[-123.239177,47.356001],[-123.239343,47.356474],[-123.238908,47.356724],[-123.238411,47.355905],[-123.237987,47.355551],[-123.237584,47.355329],[-123.236964,47.355169],[-123.236369,47.353632],[-123.236274,47.353086],[-123.235956,47.352837],[-123.235791,47.353062],[-123.235782,47.353962],[-123.235394,47.354251],[-123.235076,47.353962],[-123.23464,47.353713],[-123.234028,47.35393],[-123.233805,47.354075],[-123.233371,47.354517],[-123.233772,47.355135],[-123.234161,47.355312],[-123.234327,47.355617],[-123.234423,47.356292],[-123.234424,47.356934],[-123.234592,47.358067],[-123.234774,47.360236],[-123.234564,47.360919],[-123.234,47.36165],[-123.233556,47.362098],[-123.233308,47.362113],[-123.233038,47.361931],[-123.233206,47.361542],[-123.233206,47.360811],[-123.232835,47.360125],[-123.232699,47.358959],[-123.23243,47.358525],[-123.232228,47.357726],[-123.232563,47.357245],[-123.2324,47.356657],[-123.232094,47.355784],[-123.231446,47.355536],[-123.23066,47.354905],[-123.229871,47.355144],[-123.229737,47.355258],[-123.229636,47.355647],[-123.229647,47.355839],[-123.229021,47.355666],[-123.228561,47.355642],[-123.228006,47.355875],[-123.227476,47.356737],[-123.227133,47.357166],[-123.22692,47.357904],[-123.226378,47.35845],[-123.226023,47.358931],[-123.225823,47.359436],[-123.225893,47.360078],[-123.22594,47.361057],[-123.225598,47.361394],[-123.225409,47.361699],[-123.22581,47.362132],[-123.22581,47.362533],[-123.224984,47.363399],[-123.224929,47.363971],[-123.224677,47.363897],[-123.224016,47.363664],[-123.223923,47.363679],[-123.223344,47.363776],[-123.222707,47.363912],[-123.2224,47.364185],[-123.221597,47.36441],[-123.22063,47.36453],[-123.219662,47.364746],[-123.219284,47.36465],[-123.219034,47.36447],[-123.218695,47.364546],[-123.217703,47.364257],[-123.21735,47.363807],[-123.216264,47.363334],[-123.215592,47.362788],[-123.2147,47.362529],[-123.214032,47.362731],[-123.213322,47.363041],[-123.211935,47.363795],[-123.210673,47.364381],[-123.210349,47.364215],[-123.209984,47.36383],[-123.209243,47.363571],[-123.208191,47.363139],[-123.207267,47.363056],[-123.200847,47.362683],[-123.197944,47.362135],[-123.197438,47.361914],[-123.195458,47.36059],[-123.194623,47.360269],[-123.19401,47.360071],[-123.193036,47.35972],[-123.191322,47.359542],[-123.190562,47.35933],[-123.189365,47.359464],[-123.189115,47.359551],[-123.187578,47.359862],[-123.187146,47.359785],[-123.186842,47.359688],[-123.186197,47.359461],[-123.185238,47.359531],[-123.182879,47.359451],[-123.181067,47.359754],[-123.180141,47.359716],[-123.178588,47.359626],[-123.175883,47.359514],[-123.174381,47.359595],[-123.173575,47.359338],[-123.171664,47.359629],[-123.171145,47.359884],[-123.170705,47.360052],[-123.169463,47.360347],[-123.168767,47.360439],[-123.168153,47.360526],[-123.166754,47.360824],[-123.165971,47.361301],[-123.165238,47.361809],[-123.164326,47.362368],[-123.163746,47.362414],[-123.163292,47.362296],[-123.162544,47.361837],[-123.161793,47.361711],[-123.16105,47.36166],[-123.160644,47.361699],[-123.159706,47.361891],[-123.159421,47.361917],[-123.159212,47.361874],[-123.158743,47.361656],[-123.158225,47.361547],[-123.157792,47.361509],[-123.157792,47.361007],[-123.157878,47.360432],[-123.158017,47.359957],[-123.158194,47.359485],[-123.158645,47.358675],[-123.160286,47.35455],[-123.160592,47.353721],[-123.160785,47.353154],[-123.160817,47.352809],[-123.160785,47.352437],[-123.16069,47.351367],[-123.160741,47.350501],[-123.160856,47.349844],[-123.161182,47.34852],[-123.16123,47.348132],[-123.161236,47.347732],[-123.161255,47.346928],[-123.161273,47.346226],[-123.161265,47.345581],[-123.161263,47.344664],[-123.161112,47.340714],[-123.161112,47.340582],[-123.160817,47.340211],[-123.159745,47.339041],[-123.158394,47.337428],[-123.157631,47.336468],[-123.156302,47.335119],[-123.156065,47.334885],[-123.155868,47.334596],[-123.155717,47.334427],[-123.154857,47.33346],[-123.154725,47.333331],[-123.154482,47.332962],[-123.154442,47.332737],[-123.154374,47.332257],[-123.154373,47.332148],[-123.154361,47.33005],[-123.154359,47.329744],[-123.154348,47.329621],[-123.154343,47.329159],[-123.154278,47.328294],[-123.154274,47.327211],[-123.154391,47.327034],[-123.152268,47.324724],[-123.151453,47.323894],[-123.151066,47.323553],[-123.150551,47.323109],[-123.150004,47.322709],[-123.148599,47.321858],[-123.147719,47.321422],[-123.146861,47.321051],[-123.146125,47.320772],[-123.145348,47.32052],[-123.144629,47.320309],[-123.143782,47.32012],[-123.143295,47.320006],[-123.141928,47.319777],[-123.140155,47.319531],[-123.139726,47.31948],[-123.139007,47.319378],[-123.133686,47.318643],[-123.132946,47.318592],[-123.132556,47.318575],[-123.132042,47.318624],[-123.13154,47.318767],[-123.131218,47.318891],[-123.130928,47.319051],[-123.130295,47.319553],[-123.126733,47.323257],[-123.12545,47.324455],[-123.125017,47.324773],[-123.124555,47.325058],[-123.121927,47.326745],[-123.120381,47.327678],[-123.119359,47.328341],[-123.118729,47.328805],[-123.118117,47.329547],[-123.117201,47.330556],[-123.116722,47.331112],[-123.116374,47.331679],[-123.115592,47.333522],[-123.11525,47.334084],[-123.114947,47.334419],[-123.114598,47.334651],[-123.114023,47.335071],[-123.112742,47.33604],[-123.112186,47.336505],[-123.111657,47.337047],[-123.111359,47.337499],[-123.11065,47.338854],[-123.11006,47.339792],[-123.109962,47.340321],[-123.109352,47.342889],[-123.108783,47.34467],[-123.10874,47.345135],[-123.108461,47.347156],[-123.108086,47.347869],[-123.107667,47.348712],[-123.107088,47.349831],[-123.106755,47.350891],[-123.106362,47.352509],[-123.106347,47.354116],[-123.106015,47.354978],[-123.105821,47.355819],[-123.105661,47.356271],[-123.105407,47.356557],[-123.105101,47.356825],[-123.104642,47.357071],[-123.104279,47.357164],[-123.103921,47.357202],[-123.103593,47.357207],[-123.103062,47.357168],[-123.101955,47.357156],[-123.100591,47.357192],[-123.100352,47.357155],[-123.099861,47.357009],[-123.099498,47.356881],[-123.098976,47.356751],[-123.096972,47.356555],[-123.096243,47.356533],[-123.094567,47.356613],[-123.093312,47.356628],[-123.092191,47.356569],[-123.090243,47.356406],[-123.089364,47.356301],[-123.088828,47.356177],[-123.087726,47.355863],[-123.087527,47.355824],[-123.087154,47.35581],[-123.086967,47.355837],[-123.08637,47.355891],[-123.086038,47.355891],[-123.085715,47.355845],[-123.08432,47.355551],[-123.083868,47.355412],[-123.083463,47.355209],[-123.083151,47.355004],[-123.082956,47.354811],[-123.082728,47.3545],[-123.082047,47.353587],[-123.081419,47.352884],[-123.080692,47.352346],[-123.080501,47.352222],[-123.08028,47.35217],[-123.080068,47.352143],[-123.079839,47.352146],[-123.079796,47.35165],[-123.079503,47.351648],[-123.07905,47.351615],[-123.078426,47.351653],[-123.076633,47.351706],[-123.076415,47.351526],[-123.076366,47.350553],[-123.076323,47.350314],[-123.076309,47.349646],[-123.076057,47.349596],[-123.075624,47.349616],[-123.073456,47.349682],[-123.073768,47.349268],[-123.074125,47.348682],[-123.074168,47.348508],[-123.074109,47.34826],[-123.073974,47.347999],[-123.073546,47.347677],[-123.072406,47.346988],[-123.072098,47.346797],[-123.071763,47.346642],[-123.07119,47.346531],[-123.07082,47.346522],[-123.069732,47.346573],[-123.068464,47.346598],[-123.067691,47.346623],[-123.067311,47.346698],[-123.066985,47.346829],[-123.066747,47.346948],[-123.066023,47.347459],[-123.065481,47.347801],[-123.064678,47.348102],[-123.062736,47.348606],[-123.061947,47.348765],[-123.060992,47.348935],[-123.060094,47.349055],[-123.059464,47.349118],[-123.054623,47.349634],[-123.054035,47.349667],[-123.053669,47.349672],[-123.053335,47.349648],[-123.052984,47.349556],[-123.052345,47.34935],[-123.051523,47.349108],[-123.051062,47.349027],[-123.050457,47.348974],[-123.049903,47.34895],[-123.046778,47.348989],[-123.046528,47.349029],[-123.046283,47.349107],[-123.045124,47.349542],[-123.044799,47.349623],[-123.044465,47.349635],[-123.044154,47.349617],[-123.041289,47.349042],[-123.040895,47.349002],[-123.040693,47.349],[-123.040444,47.349031],[-123.038931,47.349343],[-123.037607,47.349571],[-123.036778,47.349734],[-123.035645,47.350105],[-123.033938,47.350854],[-123.033572,47.350932],[-123.03308,47.350985],[-123.032669,47.350974],[-123.030358,47.35068],[-123.029792,47.350697],[-123.029292,47.350794],[-123.026146,47.351828],[-123.024919,47.352233],[-123.020209,47.353557],[-123.018965,47.354036],[-123.018087,47.354502],[-123.01772,47.354698],[-123.016273,47.355681],[-123.015482,47.356459],[-123.014714,47.357269],[-123.013573,47.358098],[-123.013356,47.358243],[-123.011478,47.359495],[-123.009802,47.360596],[-123.008299,47.36162],[-123.007185,47.362202],[-123.006126,47.362835],[-123.004715,47.363592],[-123.004255,47.363702],[-123.003796,47.363781],[-123.003055,47.363945],[-123.002639,47.364149],[-123.002287,47.364374],[-123.00125,47.365226],[-122.999142,47.366749],[-122.998435,47.367291],[-122.997715,47.367807],[-122.996855,47.368365],[-122.995975,47.368879],[-122.994472,47.369607],[-122.993033,47.370389],[-122.992543,47.370625],[-122.99185,47.370847],[-122.990904,47.371111],[-122.990559,47.371266],[-122.990158,47.371523],[-122.989261,47.372251],[-122.988914,47.372472],[-122.988171,47.372821],[-122.986892,47.373385],[-122.986611,47.373483],[-122.986253,47.373551],[-122.985527,47.373606],[-122.985335,47.373637],[-122.985182,47.373695],[-122.984187,47.374199],[-122.983747,47.374307],[-122.98256,47.374501],[-122.982141,47.3746],[-122.981242,47.374865],[-122.980308,47.375196],[-122.97999,47.375356],[-122.979289,47.375943],[-122.978979,47.37616],[-122.978653,47.376318],[-122.977906,47.376588],[-122.97687,47.37693],[-122.975746,47.377235],[-122.974775,47.377474],[-122.974613,47.377519],[-122.973769,47.37773],[-122.97313,47.377868],[-122.97244,47.378007],[-122.971715,47.378091],[-122.970935,47.378074],[-122.97013,47.378061],[-122.969637,47.378078],[-122.969214,47.378135],[-122.96816,47.378347],[-122.967847,47.378424],[-122.967407,47.378495],[-122.966954,47.37853],[-122.964845,47.378623],[-122.96162,47.378864],[-122.960967,47.378971],[-122.960352,47.379072],[-122.959761,47.379185],[-122.959372,47.379195],[-122.959007,47.379241],[-122.958752,47.379291],[-122.958458,47.379403],[-122.957572,47.379819],[-122.957141,47.380011],[-122.956998,47.380053],[-122.956123,47.380308],[-122.953968,47.380788],[-122.950217,47.381332],[-122.949567,47.381454],[-122.948976,47.381547],[-122.948468,47.381644],[-122.945529,47.382387],[-122.944571,47.382507],[-122.943634,47.382597],[-122.942021,47.382393],[-122.941467,47.382436],[-122.940938,47.382568],[-122.937514,47.383713],[-122.933195,47.385008],[-122.930446,47.386137],[-122.92862,47.386862],[-122.928071,47.387021],[-122.927418,47.387101],[-122.92563,47.387205],[-122.923691,47.387355],[-122.923268,47.387446],[-122.922864,47.387568],[-122.920738,47.388342],[-122.920257,47.388494],[-122.919792,47.38859],[-122.919334,47.388606],[-122.918931,47.388574],[-122.916371,47.388234],[-122.915544,47.388103],[-122.914989,47.388029],[-122.914576,47.388016],[-122.914128,47.388064],[-122.913438,47.388206],[-122.912591,47.388421],[-122.912182,47.388563],[-122.9117,47.388776],[-122.909476,47.390155],[-122.907357,47.391321],[-122.905774,47.392349],[-122.90455,47.393309],[-122.903095,47.394759],[-122.902447,47.395442],[-122.902226,47.395687],[-122.901961,47.395921],[-122.901623,47.396151],[-122.900348,47.396821],[-122.899844,47.397112],[-122.895234,47.401056],[-122.894794,47.401556],[-122.894187,47.402424],[-122.89378,47.40294],[-122.893311,47.403338],[-122.892625,47.403875],[-122.892097,47.404177],[-122.889738,47.405185],[-122.886682,47.406459],[-122.886234,47.40663],[-122.885849,47.406791],[-122.88528,47.407032],[-122.884491,47.407336],[-122.883785,47.407543],[-122.883708,47.407564],[-122.883375,47.407601],[-122.883093,47.407618],[-122.882786,47.407611],[-122.882253,47.407613],[-122.881718,47.407615],[-122.881333,47.407677],[-122.880896,47.40778],[-122.878545,47.408438],[-122.878245,47.408542],[-122.877903,47.408687],[-122.877607,47.408884],[-122.877299,47.409194],[-122.877005,47.40961],[-122.876546,47.410416],[-122.876373,47.410729],[-122.876135,47.410976],[-122.875828,47.411221],[-122.873787,47.412546],[-122.873303,47.412891],[-122.87302,47.413184],[-122.872796,47.413615],[-122.872489,47.414184],[-122.872286,47.414361],[-122.872054,47.414549],[-122.871632,47.414882],[-122.870082,47.415805],[-122.869206,47.416447],[-122.86776,47.417682],[-122.865718,47.419328],[-122.86219,47.422313],[-122.861559,47.422757],[-122.860579,47.423284],[-122.859535,47.423854],[-122.85897,47.424182],[-122.85833,47.424609],[-122.856961,47.425595],[-122.855736,47.426433],[-122.855574,47.426563],[-122.854931,47.426974],[-122.854357,47.427362],[-122.853953,47.42758],[-122.853496,47.427758],[-122.85192,47.428226],[-122.851125,47.428533],[-122.850208,47.428939],[-122.84957,47.42926],[-122.849052,47.429531],[-122.848419,47.429836],[-122.847223,47.430331],[-122.846836,47.430408],[-122.846665,47.430406],[-122.84541,47.43024],[-122.845139,47.430234],[-122.844931,47.430249],[-122.84471,47.430308],[-122.84452,47.430388],[-122.841258,47.432561],[-122.841095,47.432613],[-122.840959,47.432608],[-122.840701,47.432545],[-122.840064,47.433592],[-122.839186,47.435043],[-122.839006,47.435339],[-122.838545,47.435861],[-122.838201,47.436079],[-122.837778,47.436292],[-122.836887,47.436703],[-122.836485,47.436986],[-122.836319,47.437134],[-122.836082,47.437425],[-122.835814,47.437828],[-122.835557,47.438278],[-122.83524,47.438808],[-122.834972,47.439167],[-122.83479,47.439432],[-122.834592,47.439769],[-122.834494,47.439911],[-122.834033,47.440647],[-122.833282,47.441819],[-122.832349,47.443318],[-122.83185,47.444042],[-122.831563,47.444449],[-122.831179,47.445036],[-122.830267,47.446445],[-122.829902,47.446956],[-122.827841,47.450226],[-122.827278,47.450993],[-122.826914,47.451331],[-122.82662,47.451553],[-122.826121,47.451868],[-122.825276,47.452267],[-122.823953,47.452753],[-122.822647,47.453199],[-122.822226,47.453341],[-122.821443,47.453653],[-122.820574,47.454161],[-122.820032,47.454632],[-122.819973,47.454705],[-122.819174,47.455724],[-122.818589,47.456482],[-122.817688,47.457636],[-122.816983,47.45861],[-122.815842,47.460087],[-122.815488,47.460472],[-122.815284,47.460689],[-122.81399,47.46156],[-122.813046,47.462131],[-122.811563,47.463068],[-122.811411,47.463177],[-122.81126,47.463274],[-122.810566,47.46376],[-122.80999,47.463461],[-122.80917,47.462873],[-122.808206,47.462585],[-122.806709,47.463365],[-122.804283,47.46373],[-122.800968,47.464031],[-122.799767,47.464141],[-122.798789,47.464438],[-122.797609,47.464964],[-122.794372,47.46661],[-122.792282,47.467364],[-122.791405,47.467981],[-122.790191,47.468552],[-122.789753,47.468895],[-122.7881,47.470792],[-122.78756,47.471226],[-122.786987,47.471455],[-122.786585,47.471545],[-122.786216,47.471678],[-122.786088,47.471793],[-122.784125,47.47056],[-122.782005,47.469225],[-122.780781,47.468448],[-122.778412,47.466951],[-122.777821,47.466577],[-122.776163,47.465531],[-122.775979,47.465417],[-122.775879,47.465355],[-122.775508,47.465164],[-122.775275,47.465064],[-122.775144,47.465017],[-122.775044,47.464981],[-122.774827,47.464915],[-122.774407,47.464815],[-122.773999,47.46475],[-122.773785,47.464731],[-122.773194,47.464714],[-122.772564,47.464766],[-122.772443,47.464785],[-122.772144,47.46483],[-122.768164,47.465458],[-122.767925,47.465495],[-122.767361,47.465562],[-122.767041,47.465582],[-122.767005,47.465586],[-122.766439,47.465606],[-122.765858,47.465598],[-122.765208,47.465552],[-122.764715,47.465492],[-122.763813,47.465324],[-122.763287,47.465187],[-122.762574,47.464948],[-122.762009,47.464723],[-122.761731,47.464609],[-122.761158,47.464411],[-122.760927,47.46435],[-122.760637,47.464284],[-122.760132,47.464205],[-122.759801,47.464172],[-122.759288,47.464149],[-122.758785,47.464166],[-122.752643,47.464462],[-122.748572,47.464663],[-122.747959,47.46469],[-122.747373,47.464689],[-122.746823,47.464653],[-122.746346,47.464586],[-122.745885,47.464498],[-122.745423,47.464384],[-122.744143,47.463956],[-122.743689,47.463828],[-122.742703,47.46361],[-122.742104,47.463518],[-122.741139,47.463431],[-122.740417,47.463407],[-122.739643,47.463424],[-122.739164,47.463455],[-122.738739,47.4635],[-122.738527,47.46353],[-122.733399,47.464263],[-122.727783,47.465073],[-122.727032,47.465151],[-122.726659,47.465179],[-122.7264,47.465192],[-122.724942,47.465205],[-122.724744,47.465189],[-122.724625,47.465155],[-122.724517,47.465128],[-122.724418,47.46508],[-122.724285,47.464974],[-122.724282,47.464955],[-122.724255,47.464901],[-122.72424,47.464885],[-122.724223,47.46487],[-122.724157,47.464834],[-122.72405,47.464813],[-122.724022,47.464812],[-122.723998,47.464817],[-122.723917,47.464855],[-122.72387,47.464914],[-122.723865,47.464931],[-122.723775,47.465053],[-122.723591,47.465228],[-122.723427,47.465457],[-122.722117,47.467183],[-122.721837,47.467486],[-122.721384,47.467883],[-122.720885,47.468221],[-122.72051,47.468424],[-122.720203,47.468569],[-122.719886,47.4687],[-122.71947,47.468847],[-122.716829,47.469645],[-122.71355,47.470649],[-122.7109,47.471456],[-122.707566,47.472475],[-122.707061,47.472629],[-122.706525,47.472791],[-122.703008,47.473868],[-122.702308,47.474075],[-122.701574,47.474259],[-122.700803,47.474378],[-122.700502,47.474404],[-122.700441,47.474407],[-122.700357,47.474411],[-122.69603,47.474635],[-122.695255,47.474675],[-122.692636,47.474799],[-122.691124,47.474885],[-122.687488,47.475065],[-122.684955,47.475205],[-122.68459,47.475225],[-122.68432,47.475261],[-122.683804,47.475349],[-122.683558,47.475406],[-122.683309,47.475465],[-122.682845,47.475603],[-122.682395,47.475778],[-122.681768,47.476084],[-122.681166,47.476464],[-122.680983,47.476604],[-122.678851,47.478387],[-122.67823,47.478869],[-122.677983,47.479032],[-122.677503,47.4793],[-122.676784,47.479605],[-122.675775,47.479961],[-122.674624,47.480368],[-122.673204,47.480825],[-122.672487,47.481082],[-122.672207,47.481209],[-122.67207,47.481291],[-122.671967,47.481354],[-122.671153,47.481923],[-122.670704,47.482169],[-122.670595,47.48221],[-122.670257,47.482349],[-122.669904,47.482486],[-122.669333,47.482708],[-122.668366,47.483085],[-122.6682,47.483158],[-122.668015,47.483242],[-122.667745,47.483377],[-122.667563,47.483474],[-122.667388,47.48358],[-122.667281,47.483649],[-122.6671,47.48378],[-122.667004,47.483853],[-122.666903,47.483932],[-122.66664,47.484167],[-122.666353,47.484458],[-122.666244,47.484591],[-122.666147,47.484721],[-122.666054,47.484853],[-122.665997,47.484941],[-122.665941,47.48503],[-122.665502,47.485804],[-122.665358,47.48605],[-122.664794,47.487012],[-122.664627,47.487309],[-122.664528,47.487476],[-122.664222,47.488011],[-122.663867,47.488557],[-122.663655,47.488926],[-122.663172,47.489763],[-122.663011,47.490098],[-122.662952,47.490269],[-122.662848,47.490678],[-122.662824,47.490937],[-122.662834,47.491349],[-122.662834,47.491362],[-122.662846,47.49216],[-122.662827,47.492326],[-122.66271,47.492783],[-122.662569,47.493136],[-122.662401,47.493373],[-122.662152,47.493617],[-122.661867,47.493843],[-122.661478,47.494088],[-122.661369,47.49414],[-122.661339,47.494155],[-122.661024,47.49428],[-122.659996,47.494644],[-122.65976,47.494741],[-122.65953,47.494853],[-122.659316,47.494962],[-122.659232,47.495013],[-122.65709,47.496573],[-122.65673,47.496833],[-122.656623,47.49691],[-122.656191,47.497196],[-122.65586,47.497361],[-122.655749,47.497405],[-122.655659,47.49744],[-122.65542,47.497521],[-122.65506,47.497612],[-122.654889,47.497645],[-122.654739,47.49767],[-122.654493,47.497695],[-122.654435,47.497698],[-122.654341,47.4977],[-122.653864,47.4977],[-122.653766,47.4977],[-122.653279,47.497698],[-122.653055,47.497697],[-122.652867,47.497699],[-122.652502,47.497697],[-122.652189,47.497698],[-122.651995,47.497698],[-122.651429,47.497699],[-122.650902,47.497715],[-122.650028,47.497722],[-122.649715,47.497742],[-122.649293,47.497822],[-122.64909,47.49788],[-122.6489,47.497946],[-122.648544,47.498109],[-122.64823,47.498308],[-122.648181,47.498343],[-122.648101,47.498401],[-122.64778,47.498722],[-122.647704,47.498839],[-122.64739,47.499399],[-122.64725,47.499638],[-122.647184,47.499743],[-122.647108,47.499861],[-122.647025,47.499963],[-122.646632,47.50032],[-122.646549,47.500391],[-122.64599,47.500902],[-122.645439,47.501388],[-122.644835,47.501934],[-122.644137,47.502532],[-122.644042,47.502629],[-122.6439,47.502788],[-122.643473,47.503314],[-122.643285,47.503531],[-122.642842,47.504062],[-122.642615,47.504292],[-122.642396,47.50445],[-122.642108,47.504615],[-122.641958,47.504677],[-122.641593,47.504796],[-122.64144,47.504825],[-122.641051,47.504877],[-122.64081,47.504892],[-122.639474,47.504898],[-122.636239,47.504905],[-122.634095,47.504909],[-122.633015,47.504902],[-122.631968,47.504896],[-122.631676,47.504894],[-122.631484,47.504893],[-122.631303,47.504892],[-122.630665,47.50489],[-122.629514,47.504887],[-122.627636,47.504879],[-122.627179,47.504878],[-122.626597,47.504878],[-122.626128,47.504877],[-122.625112,47.504873],[-122.624533,47.504872],[-122.624459,47.504872],[-122.623876,47.504868],[-122.622779,47.504861],[-122.621476,47.504854],[-122.620792,47.504849],[-122.62062,47.504848],[-122.6202,47.504848],[-122.618914,47.504835],[-122.618092,47.504832],[-122.617558,47.504828],[-122.616599,47.504826],[-122.616023,47.504818],[-122.615431,47.504814],[-122.611803,47.504791],[-122.611307,47.504788],[-122.610783,47.504785],[-122.610287,47.504782],[-122.610125,47.504782],[-122.609085,47.504788],[-122.608366,47.504793],[-122.607927,47.504797],[-122.606075,47.504832],[-122.60547,47.504833],[-122.604766,47.504833],[-122.602818,47.504851],[-122.601132,47.504852],[-122.599444,47.504869],[-122.595285,47.504885],[-122.594734,47.504889],[-122.594102,47.504898],[-122.592969,47.504916],[-122.588988,47.504957],[-122.588366,47.504963],[-122.587095,47.505001],[-122.582595,47.505056],[-122.578287,47.50513],[-122.572714,47.505214],[-122.568292,47.505279],[-122.563305,47.505276],[-122.56183,47.505256],[-122.55377,47.505183],[-122.551113,47.505147],[-122.545757,47.505083],[-122.542987,47.505052],[-122.541637,47.505031],[-122.540387,47.50502],[-122.538525,47.504998],[-122.537768,47.504987],[-122.535976,47.504964],[-122.535063,47.504955],[-122.533135,47.504934],[-122.53171,47.50493],[-122.530634,47.50492],[-122.530523,47.504919],[-122.529973,47.504901],[-122.529867,47.504897],[-122.52888,47.504873],[-122.527982,47.504866],[-122.524408,47.50482],[-122.5194,47.504824],[-122.51899,47.504823],[-122.517698,47.504824],[-122.515161,47.504827],[-122.513604,47.504825],[-122.511425,47.504837],[-122.510353,47.50485],[-122.507593,47.504857],[-122.506816,47.504881],[-122.506322,47.504944],[-122.505864,47.505029],[-122.505413,47.50514],[-122.504798,47.505341],[-122.504383,47.505514],[-122.504037,47.505683],[-122.503842,47.505794],[-122.503298,47.506158],[-122.502906,47.506487],[-122.501409,47.508029],[-122.501225,47.508256],[-122.501136,47.508412],[-122.501099,47.50849],[-122.50107,47.508578],[-122.501028,47.508802],[-122.501044,47.510568],[-122.501051,47.511552],[-122.501055,47.512057],[-122.501054,47.512084],[-122.501052,47.51214],[-122.500575,47.512139],[-122.500519,47.512136],[-122.500412,47.512123],[-122.500364,47.512112],[-122.500166,47.512023],[-122.5,47.512036],[-122.498724,47.511964],[-122.497409,47.511942],[-122.497317,47.511969],[-122.497152,47.512004],[-122.496994,47.51205],[-122.496702,47.512174],[-122.496454,47.512336],[-122.496412,47.512414],[-122.496396,47.512491],[-122.495877,47.512966],[-122.494935,47.513965],[-122.493425,47.515221],[-122.490808,47.516115],[-122.484524,47.516951],[-122.409105,47.522805],[-122.399835,47.523355],[-122.396458,47.523184],[-122.395631,47.523218],[-122.394908,47.523221],[-122.39369,47.523226],[-122.39363,47.523226],[-122.393505,47.523214],[-122.393353,47.523201],[-122.393384,47.523114],[-122.393173,47.522991],[-122.393131,47.522907],[-122.39298,47.522907],[-122.392968,47.522869],[-122.39285,47.522551],[-122.392844,47.522454],[-122.392871,47.52231],[-122.392913,47.522177],[-122.392919,47.522155],[-122.392919,47.522016],[-122.392894,47.521964],[-122.39207,47.521547],[-122.391157,47.521091],[-122.390925,47.521014],[-122.390404,47.520857],[-122.390229,47.520807],[-122.390241,47.52072],[-122.390293,47.520447],[-122.390346,47.520338],[-122.390385,47.520259],[-122.390598,47.519882],[-122.390954,47.519257],[-122.391031,47.519089],[-122.391177,47.518579],[-122.391181,47.518363],[-122.391194,47.518034],[-122.391194,47.517609],[-122.391194,47.51754],[-122.391188,47.517325],[-122.391209,47.517211],[-122.391322,47.516921],[-122.391433,47.516546],[-122.39149,47.516153],[-122.391512,47.515823],[-122.391488,47.515183],[-122.391467,47.515063],[-122.39146,47.514954],[-122.391432,47.514818],[-122.391396,47.514672],[-122.391088,47.513344],[-122.391042,47.513174],[-122.39097,47.512959],[-122.39075,47.512517],[-122.390509,47.512117],[-122.390297,47.511846],[-122.390122,47.511643],[-122.389956,47.511492],[-122.389766,47.511343],[-122.389283,47.511017],[-122.388771,47.510684],[-122.388631,47.51057],[-122.388583,47.510529],[-122.388354,47.510303],[-122.388153,47.510071],[-122.388072,47.50989],[-122.387975,47.509546],[-122.387817,47.508447],[-122.387816,47.508293],[-122.38707,47.508282],[-122.386378,47.508276],[-122.385703,47.508271],[-122.384991,47.508264],[-122.384283,47.508258],[-122.383611,47.508258],[-122.382899,47.508258],[-122.381502,47.508248],[-122.376053,47.508209],[-122.375943,47.508208],[-122.375833,47.508207],[-122.374689,47.508198],[-122.373393,47.508202],[-122.372114,47.508207],[-122.370938,47.508201],[-122.368346,47.508212],[-122.367421,47.508213],[-122.367022,47.508213],[-122.365816,47.508213],[-122.36555,47.508201],[-122.364794,47.508143],[-122.364334,47.508098],[-122.363398,47.508005],[-122.363195,47.507939],[-122.363109,47.507873],[-122.362815,47.507434],[-122.362706,47.507311],[-122.362603,47.50723],[-122.3625,47.507184],[-122.362354,47.507143],[-122.361976,47.507131],[-122.361522,47.507125],[-122.360441,47.507122],[-122.359135,47.507117],[-122.358482,47.507117],[-122.357806,47.507117],[-122.35712,47.507116],[-122.356465,47.507114],[-122.355784,47.507112],[-122.355506,47.507112],[-122.355475,47.507112],[-122.355122,47.507111],[-122.354784,47.507116],[-122.354578,47.507118],[-122.354431,47.50712],[-122.354369,47.507121],[-122.354017,47.507126],[-122.353819,47.507128],[-122.353031,47.507141],[-122.35247,47.507151],[-122.351783,47.507161],[-122.350009,47.507188],[-122.349969,47.506495],[-122.34866,47.506523],[-122.347343,47.506539],[-122.344689,47.506582],[-122.342377,47.506639],[-122.341953,47.506647],[-122.34121,47.506653],[-122.340764,47.506656],[-122.339965,47.506662],[-122.339279,47.506668],[-122.339136,47.506666],[-122.339019,47.506668],[-122.338005,47.506685],[-122.337791,47.506689],[-122.336955,47.506703],[-122.336401,47.506712],[-122.33586,47.506721],[-122.335027,47.506735],[-122.334796,47.506739],[-122.334171,47.506749],[-122.334027,47.506752],[-122.333643,47.506758],[-122.332021,47.506763],[-122.331775,47.506744],[-122.331684,47.50672],[-122.331583,47.506651],[-122.331544,47.506598],[-122.331696,47.506539],[-122.331147,47.505877],[-122.331083,47.505748],[-122.331092,47.503129],[-122.329833,47.503115],[-122.328061,47.503103],[-122.328048,47.503013],[-122.32798,47.502866],[-122.327886,47.502772],[-122.326827,47.50204],[-122.326738,47.501995],[-122.326644,47.501958],[-122.326511,47.501906],[-122.326492,47.502076],[-122.326412,47.502272],[-122.32632,47.502381],[-122.326061,47.502571],[-122.325825,47.502675],[-122.325717,47.502705],[-122.325589,47.502728],[-122.325463,47.502743],[-122.324357,47.502752],[-122.324207,47.502753],[-122.323909,47.502781],[-122.323861,47.502791],[-122.323812,47.502807],[-122.323692,47.502854],[-122.323351,47.502979],[-122.323272,47.503008],[-122.323226,47.503025],[-122.323123,47.503048],[-122.323043,47.503052],[-122.322945,47.503053],[-122.32253,47.503054],[-122.322471,47.503055],[-122.321879,47.50306],[-122.321288,47.503044],[-122.320556,47.503037],[-122.32044,47.503037],[-122.31788,47.503031],[-122.317203,47.503014],[-122.316657,47.502968],[-122.316333,47.502912],[-122.315832,47.502787],[-122.315685,47.502739],[-122.315617,47.502717],[-122.31529,47.502592],[-122.314981,47.502446],[-122.314582,47.502193],[-122.314352,47.502009],[-122.314087,47.501722],[-122.313872,47.501453],[-122.312729,47.499433],[-122.312566,47.499123],[-122.312252,47.498623],[-122.312108,47.498423],[-122.311999,47.498319],[-122.311859,47.498219],[-122.311792,47.498182],[-122.311675,47.498138],[-122.311467,47.498091],[-122.310364,47.497923],[-122.309921,47.497886],[-122.309779,47.497874],[-122.309345,47.497838],[-122.309089,47.497804],[-122.309022,47.497786],[-122.308953,47.497752],[-122.307881,47.498476],[-122.30783,47.498511],[-122.307459,47.498786],[-122.307195,47.498977],[-122.3071,47.499046],[-122.306896,47.499205],[-122.306771,47.499317],[-122.306627,47.499312],[-122.306411,47.499311],[-122.306143,47.499306],[-122.305952,47.49931],[-122.305641,47.499309],[-122.305285,47.499279],[-122.305092,47.499279],[-122.304786,47.499286],[-122.304648,47.499305],[-122.30451,47.499307],[-122.304066,47.499305],[-122.30243,47.499325],[-122.302271,47.499369],[-122.302169,47.499416],[-122.302036,47.499502],[-122.301781,47.499775],[-122.301647,47.499914],[-122.30143,47.500063],[-122.301179,47.500151],[-122.301034,47.50018],[-122.300872,47.500189],[-122.300631,47.500175],[-122.2994,47.500005],[-122.299249,47.499963],[-122.299102,47.499899],[-122.298771,47.499719],[-122.298242,47.499406],[-122.297969,47.499254],[-122.297543,47.498942],[-122.297505,47.498892],[-122.297049,47.498257],[-122.296825,47.497978],[-122.296692,47.497874],[-122.296572,47.497794],[-122.296445,47.497737],[-122.296305,47.497693],[-122.295972,47.497646],[-122.295815,47.497633],[-122.295295,47.497608],[-122.294931,47.497529],[-122.294082,47.497363],[-122.292863,47.49721],[-122.292186,47.49713],[-122.2915,47.497142],[-122.291022,47.497168],[-122.288749,47.497396],[-122.287848,47.497408],[-122.287301,47.497364],[-122.28694,47.497317],[-122.28633,47.497201],[-122.285605,47.497024],[-122.284998,47.496778],[-122.284434,47.496511],[-122.283872,47.496175],[-122.283313,47.495748],[-122.2828,47.495098],[-122.282515,47.494559],[-122.282378,47.49411],[-122.282295,47.493741],[-122.281814,47.490857],[-122.281698,47.490504],[-122.281342,47.4898],[-122.281091,47.489489],[-122.28087,47.489256],[-122.28072,47.489114],[-122.280508,47.488931],[-122.280118,47.488643],[-122.279039,47.487919],[-122.278661,47.487617],[-122.278206,47.487223],[-122.277839,47.486809],[-122.277752,47.486677],[-122.277631,47.486344],[-122.277561,47.485754],[-122.27753,47.485648],[-122.277423,47.485445],[-122.277283,47.485274],[-122.276963,47.484927],[-122.276778,47.485],[-122.276546,47.485112],[-122.276455,47.485168],[-122.276252,47.485292],[-122.275994,47.485466],[-122.27576,47.485629],[-122.275254,47.48598],[-122.274921,47.486211],[-122.274445,47.485908],[-122.274139,47.485712],[-122.273856,47.48555],[-122.273588,47.485396],[-122.273461,47.485324],[-122.272932,47.485033],[-122.272734,47.484921],[-122.272433,47.484753],[-122.272289,47.484673],[-122.271762,47.484378],[-122.271332,47.484129],[-122.270971,47.483928],[-122.270133,47.483426],[-122.269618,47.483132],[-122.269539,47.483088],[-122.269327,47.482964],[-122.269082,47.482819],[-122.268931,47.48273],[-122.268367,47.482397],[-122.268219,47.482311],[-122.26772,47.482017],[-122.267286,47.481761],[-122.267063,47.48163],[-122.266524,47.481312],[-122.265953,47.480938],[-122.265735,47.480796],[-122.265015,47.480303],[-122.263989,47.479602],[-122.263419,47.479212],[-122.262824,47.478805],[-122.262616,47.478667],[-122.262497,47.478589],[-122.262162,47.478367],[-122.261875,47.478177],[-122.26152,47.477942],[-122.261253,47.477767],[-122.260909,47.477541],[-122.260283,47.477132],[-122.260215,47.477087],[-122.260115,47.477022],[-122.259781,47.476803],[-122.260215,47.477087],[-122.260283,47.477132],[-122.260909,47.477541],[-122.261253,47.477767],[-122.26152,47.477942],[-122.261875,47.478177],[-122.262162,47.478367],[-122.262497,47.478589],[-122.262616,47.478667],[-122.262824,47.478805],[-122.263419,47.479212],[-122.263989,47.479602],[-122.265015,47.480303],[-122.265735,47.480796],[-122.265953,47.480938],[-122.266524,47.481312],[-122.267063,47.48163],[-122.267286,47.481761],[-122.26772,47.482017],[-122.268219,47.482311],[-122.268367,47.482397],[-122.268931,47.48273],[-122.269082,47.482819],[-122.269327,47.482964],[-122.269402,47.483057],[-122.269488,47.483261],[-122.269508,47.483366],[-122.269262,47.483888],[-122.269144,47.484242],[-122.268936,47.484602],[-122.268739,47.484831],[-122.268682,47.484887],[-122.268112,47.485355],[-122.267434,47.486034],[-122.265747,47.487345],[-122.265203,47.487855],[-122.264864,47.48823],[-122.264634,47.488582],[-122.264425,47.488992],[-122.264327,47.489299],[-122.264271,47.489572],[-122.26424,47.489901],[-122.264238,47.490266],[-122.264295,47.490613],[-122.264408,47.490964],[-122.264565,47.491295],[-122.264794,47.491631],[-122.264985,47.491886],[-122.265266,47.4922],[-122.265781,47.492675],[-122.271467,47.497366],[-122.272531,47.498338],[-122.273718,47.49948],[-122.27429,47.50022],[-122.274974,47.500926],[-122.277311,47.503184],[-122.277672,47.503664],[-122.277811,47.503859],[-122.27799,47.504277],[-122.278077,47.504458],[-122.278174,47.504753],[-122.27824,47.505136],[-122.278266,47.50575],[-122.27824,47.506898],[-122.27825,47.507157],[-122.278267,47.507602],[-122.27826,47.50802],[-122.278276,47.509683],[-122.278277,47.509842],[-122.278421,47.511465],[-122.278591,47.512852],[-122.278685,47.513496],[-122.278711,47.513723],[-122.278787,47.514418],[-122.278841,47.514906],[-122.2789,47.515447],[-122.279039,47.51632],[-122.279097,47.51661],[-122.279117,47.516712],[-122.279186,47.517063],[-122.279213,47.517163],[-122.279397,47.51788],[-122.279495,47.518258],[-122.279547,47.518467],[-122.279756,47.519397],[-122.279811,47.519918],[-122.279795,47.520218],[-122.279746,47.520584],[-122.27957,47.521294],[-122.279479,47.521605],[-122.279372,47.521973],[-122.279281,47.522256],[-122.279149,47.522702],[-122.279027,47.523118],[-122.278984,47.523264],[-122.278927,47.523544],[-122.278876,47.523824],[-122.278802,47.524155],[-122.278774,47.524272],[-122.278713,47.524648],[-122.278705,47.524932],[-122.278731,47.525225],[-122.278801,47.52557],[-122.278813,47.525602],[-122.278857,47.525725],[-122.279061,47.526124],[-122.279924,47.527774],[-122.279981,47.527879],[-122.280094,47.5281],[-122.280229,47.528375],[-122.280333,47.528613],[-122.28044,47.528958],[-122.280492,47.529207],[-122.28054,47.529566],[-122.280556,47.529821],[-122.280564,47.529962],[-122.280574,47.530837],[-122.280575,47.531033],[-122.280579,47.531537],[-122.28059,47.531939],[-122.280601,47.532165],[-122.280601,47.53252],[-122.280609,47.53275],[-122.280613,47.532926],[-122.280627,47.533394],[-122.280632,47.533469],[-122.280637,47.533666],[-122.280641,47.534068],[-122.280648,47.53482],[-122.280651,47.53509],[-122.280651,47.53516],[-122.280653,47.53529],[-122.280651,47.535449],[-122.280649,47.535563],[-122.280657,47.535907],[-122.280658,47.535927],[-122.280664,47.536022],[-122.28067,47.536111],[-122.280736,47.536462],[-122.280898,47.536934],[-122.280947,47.537053],[-122.28102,47.537231],[-122.281086,47.537366],[-122.281409,47.538022],[-122.281599,47.538394],[-122.281644,47.538492],[-122.28179,47.538768],[-122.281858,47.538897],[-122.282002,47.539157],[-122.282836,47.540659],[-122.282894,47.540761],[-122.283688,47.542474],[-122.283886,47.542867],[-122.284048,47.543188],[-122.284402,47.54389],[-122.284515,47.544113],[-122.284686,47.544454],[-122.284774,47.544627],[-122.284954,47.545027],[-122.285085,47.545317],[-122.285183,47.545513],[-122.285451,47.546048],[-122.285593,47.546335],[-122.285955,47.54707],[-122.286106,47.547376],[-122.286457,47.548104],[-122.286499,47.548195],[-122.286607,47.548424],[-122.286854,47.548972],[-122.287238,47.549779],[-122.287473,47.550269],[-122.287657,47.550652],[-122.287678,47.550697],[-122.287933,47.551226],[-122.288003,47.551371],[-122.288101,47.551558],[-122.288209,47.55177],[-122.288312,47.551975],[-122.288675,47.552714],[-122.288811,47.552991],[-122.289037,47.553451],[-122.289405,47.554251],[-122.289561,47.554591],[-122.289638,47.554762],[-122.289835,47.555195],[-122.289907,47.555347],[-122.290213,47.555948],[-122.290792,47.556908],[-122.290878,47.55705],[-122.29101,47.557274],[-122.291362,47.557868],[-122.291554,47.558174],[-122.291603,47.558254],[-122.291784,47.558551],[-122.291863,47.558684],[-122.291931,47.558799],[-122.292252,47.559332],[-122.292852,47.560272],[-122.29311,47.560677],[-122.293198,47.560816],[-122.293284,47.560949],[-122.293471,47.561239],[-122.293528,47.561325],[-122.293922,47.561932],[-122.294465,47.562771],[-122.294505,47.562827],[-122.294571,47.56293],[-122.294615,47.562996],[-122.295147,47.563769],[-122.295202,47.56386],[-122.29561,47.564507],[-122.296059,47.565202],[-122.296325,47.565629],[-122.296459,47.565843],[-122.296531,47.565957],[-122.296639,47.566169],[-122.296686,47.566291],[-122.296723,47.566385],[-122.296827,47.566799],[-122.296846,47.567029],[-122.296847,47.567162],[-122.296823,47.567896],[-122.296815,47.568135],[-122.296795,47.570539],[-122.296755,47.571211],[-122.296744,47.571391],[-122.296739,47.571866],[-122.296736,47.572016],[-122.296737,47.572103],[-122.296741,47.572341],[-122.296744,47.572445],[-122.296733,47.573294],[-122.296707,47.574228],[-122.296696,47.5746],[-122.29671,47.575094],[-122.29672,47.575376],[-122.296726,47.575539],[-122.296775,47.575701],[-122.296773,47.57574],[-122.296751,47.575917],[-122.296719,47.576056],[-122.296649,47.576258],[-122.296598,47.576364],[-122.296808,47.576628],[-122.296864,47.576698],[-122.297002,47.576872],[-122.297086,47.576978],[-122.297177,47.577092],[-122.297242,47.577174],[-122.297254,47.57719],[-122.297445,47.577431],[-122.297468,47.577459],[-122.297545,47.577556],[-122.297719,47.577791],[-122.297845,47.577961],[-122.298034,47.578216],[-122.298129,47.578346],[-122.298429,47.578738],[-122.298531,47.578871],[-122.298669,47.579051],[-122.298735,47.579137],[-122.299041,47.579537],[-122.299169,47.579705],[-122.299217,47.579768],[-122.299341,47.579928],[-122.299438,47.580057],[-122.299471,47.5801],[-122.299604,47.580274],[-122.299998,47.580788],[-122.30017,47.581013],[-122.300355,47.581273],[-122.300442,47.581411],[-122.300507,47.5815],[-122.300961,47.582065],[-122.301097,47.582234],[-122.301533,47.582776],[-122.301614,47.582884],[-122.301706,47.583003],[-122.301819,47.583151],[-122.30221,47.583648],[-122.302296,47.583765],[-122.302344,47.58383],[-122.302709,47.584326],[-122.302853,47.58452],[-122.302951,47.584652],[-122.302949,47.58484],[-122.302943,47.585207],[-122.30294,47.585418],[-122.302939,47.585493],[-122.302936,47.585573],[-122.302926,47.585908],[-122.302913,47.586323],[-122.302892,47.586401],[-122.302853,47.58653],[-122.302842,47.586559],[-122.302696,47.586924],[-122.302651,47.587066],[-122.302627,47.587203],[-122.302591,47.588367],[-122.302587,47.588453],[-122.302553,47.588777],[-122.302268,47.58962],[-122.302179,47.590115],[-122.302168,47.590726],[-122.302195,47.590987],[-122.302292,47.59137],[-122.302465,47.591821],[-122.30249,47.591883],[-122.302522,47.591959],[-122.302662,47.592397],[-122.302666,47.5925],[-122.302598,47.592764],[-122.302517,47.592922],[-122.302437,47.593085],[-122.302306,47.593312],[-122.302259,47.593464],[-122.302219,47.593823],[-122.302232,47.594573],[-122.302242,47.595501],[-122.302243,47.595573],[-122.302242,47.595644],[-122.302233,47.596479],[-122.302234,47.596751],[-122.302237,47.597818],[-122.302237,47.597878],[-122.302243,47.59835],[-122.30223,47.598969],[-122.302229,47.599029],[-122.302223,47.599274],[-122.302228,47.599671],[-122.30223,47.599795],[-122.302236,47.600309],[-122.302238,47.60112],[-122.302238,47.601145],[-122.302257,47.601445],[-122.302296,47.601579],[-122.302321,47.601662],[-122.302357,47.601769],[-122.302428,47.602039],[-122.302428,47.602064],[-122.302427,47.602242],[-122.302427,47.602361],[-122.302427,47.602611],[-122.302426,47.602676],[-122.302427,47.602729],[-122.302435,47.6032],[-122.302439,47.603454],[-122.30244,47.60351],[-122.302441,47.60357],[-122.302446,47.604268],[-122.302446,47.604338],[-122.30245,47.604407],[-122.302497,47.60469],[-122.302636,47.605095],[-122.302655,47.60515],[-122.302668,47.605192],[-122.30268,47.605229],[-122.302723,47.60536],[-122.302772,47.605567],[-122.302785,47.605894],[-122.302785,47.606168],[-122.302788,47.606257],[-122.30279,47.606435],[-122.302793,47.60689],[-122.302789,47.60754],[-122.302788,47.607711],[-122.302787,47.607932],[-122.302786,47.608017],[-122.302773,47.609023],[-122.302753,47.610013],[-122.302727,47.611574],[-122.302719,47.612082],[-122.302714,47.612227],[-122.302704,47.612942],[-122.302698,47.613297],[-122.302686,47.614012],[-122.302683,47.614165],[-122.302655,47.614815],[-122.302636,47.615248],[-122.302634,47.615305],[-122.302631,47.615385],[-122.302597,47.616473],[-122.302575,47.617113],[-122.302574,47.617255],[-122.302563,47.618936],[-122.302552,47.61909],[-122.302545,47.619184],[-122.302542,47.61934],[-122.302522,47.620215],[-122.302514,47.620603],[-122.302502,47.621132],[-122.302496,47.621377],[-122.30248,47.622159],[-122.30247,47.622662],[-122.302463,47.622984],[-122.302459,47.623172],[-122.302455,47.623412],[-122.302439,47.624402],[-122.30243,47.624961],[-122.302426,47.625209],[-122.302424,47.625336],[-122.30242,47.625581],[-122.302414,47.625938],[-122.302408,47.626311],[-122.302404,47.626582],[-122.302402,47.626694],[-122.3024,47.626822],[-122.302396,47.627065],[-122.302393,47.627254],[-122.30237,47.627391],[-122.30235,47.627437],[-122.302308,47.627508],[-122.302242,47.627586],[-122.30204,47.627812],[-122.301834,47.628052],[-122.301777,47.62813],[-122.301749,47.628181],[-122.301725,47.628239],[-122.3017,47.628416],[-122.30169,47.629021],[-122.301685,47.629269],[-122.301681,47.629507],[-122.301668,47.630268],[-122.301651,47.631289],[-122.301635,47.63223],[-122.301634,47.63229],[-122.301632,47.632354],[-122.301631,47.632431],[-122.301629,47.632569],[-122.301624,47.632816],[-122.301608,47.633613],[-122.301598,47.634146],[-122.301594,47.63437],[-122.30159,47.634587],[-122.301586,47.634797],[-122.301581,47.635043],[-122.301578,47.635185],[-122.301577,47.635254],[-122.301575,47.635349],[-122.30156,47.636227],[-122.301545,47.637071],[-122.301535,47.63769],[-122.301537,47.637891],[-122.301542,47.637924],[-122.301556,47.637985],[-122.301588,47.638085],[-122.301663,47.638324],[-122.301797,47.638714],[-122.301925,47.639117],[-122.302049,47.639452],[-122.302068,47.639528],[-122.302079,47.639587],[-122.302087,47.640134],[-122.302088,47.64026],[-122.302084,47.640658],[-122.302083,47.640727],[-122.302081,47.640983],[-122.302077,47.641715],[-122.302072,47.642213],[-122.302115,47.642396],[-122.302148,47.642454],[-122.302195,47.642514],[-122.302252,47.64257],[-122.30283,47.642995],[-122.302872,47.643026],[-122.302898,47.643067],[-122.302916,47.643096],[-122.30304,47.643182],[-122.303279,47.64335],[-122.30372,47.643658],[-122.303792,47.643722],[-122.303995,47.643933],[-122.304025,47.643972],[-122.304068,47.644027],[-122.304098,47.644075],[-122.304269,47.644313],[-122.30435,47.644455],[-122.304377,47.644501],[-122.304424,47.644582],[-122.304451,47.644655],[-122.304469,47.644706],[-122.304514,47.645092],[-122.304513,47.645327],[-122.304512,47.645557],[-122.30451,47.645897],[-122.304509,47.645969],[-122.304507,47.646268],[-122.304509,47.646322],[-122.304526,47.646409],[-122.304561,47.64655],[-122.304585,47.646666],[-122.304629,47.646777],[-122.304625,47.646904],[-122.304614,47.647689],[-122.304616,47.64781],[-122.304615,47.64803],[-122.304604,47.648538],[-122.304583,47.649018],[-122.304572,47.649204],[-122.304545,47.649514],[-122.304476,47.64976],[-122.304409,47.649978],[-122.304347,47.650155],[-122.304178,47.650556],[-122.304126,47.650645],[-122.303959,47.650953],[-122.303886,47.651066],[-122.303619,47.651562],[-122.303489,47.651803],[-122.303318,47.652138],[-122.303143,47.652405],[-122.303036,47.652682],[-122.302983,47.652829],[-122.302573,47.654202],[-122.302323,47.655037],[-122.302151,47.655648],[-122.302111,47.655805],[-122.302121,47.656011],[-122.302087,47.65612],[-122.301999,47.656399],[-122.301842,47.656893],[-122.301425,47.658325],[-122.300996,47.659056],[-122.30099,47.659399],[-122.300951,47.659655],[-122.30093,47.659825],[-122.300901,47.660064],[-122.300947,47.660224],[-122.300926,47.66039],[-122.300912,47.660497],[-122.300908,47.660606],[-122.300907,47.660616],[-122.300903,47.660947],[-122.300892,47.661383],[-122.30089,47.661811],[-122.300892,47.662058],[-122.300894,47.662447],[-122.300894,47.662516],[-122.300895,47.662589],[-122.300897,47.662856],[-122.300899,47.663083],[-122.300899,47.663153],[-122.300899,47.663181],[-122.300899,47.663207],[-122.3009,47.663292],[-122.3009,47.663379],[-122.300901,47.663566],[-122.300901,47.663639],[-122.300902,47.663699],[-122.300902,47.663779],[-122.300904,47.664096],[-122.300905,47.664289],[-122.300905,47.664348],[-122.300906,47.664415],[-122.300903,47.664466],[-122.3009,47.664504],[-122.300898,47.664549],[-122.300893,47.664621],[-122.300874,47.664759],[-122.300865,47.664787],[-122.30085,47.664848],[-122.300829,47.664925],[-122.300824,47.664945],[-122.300691,47.665454],[-122.300676,47.665547],[-122.300656,47.665668],[-122.300645,47.665734],[-122.300619,47.665889],[-122.300616,47.665909],[-122.300612,47.666001],[-122.300611,47.66606],[-122.300606,47.666177],[-122.300605,47.666275],[-122.300606,47.666388],[-122.300606,47.666479],[-122.300607,47.666569],[-122.300607,47.66664],[-122.300609,47.666817],[-122.30061,47.66699],[-122.300612,47.66734],[-122.300613,47.667541],[-122.300615,47.667784],[-122.300616,47.667925],[-122.300617,47.667992],[-122.300617,47.668149],[-122.300617,47.668162],[-122.300618,47.668275],[-122.300618,47.668381],[-122.300619,47.668534],[-122.300618,47.668724],[-122.300618,47.668773],[-122.300617,47.669082],[-122.300612,47.669998],[-122.300627,47.670921],[-122.300643,47.671876],[-122.300647,47.672155],[-122.300648,47.672444],[-122.300653,47.673816],[-122.300664,47.675784],[-122.300661,47.675924],[-122.300659,47.67607],[-122.300658,47.676139],[-122.300657,47.676226],[-122.300656,47.676277],[-122.300655,47.676301],[-122.30065,47.676674],[-122.300635,47.677602],[-122.300677,47.679405],[-122.300701,47.682029],[-122.300732,47.682628],[-122.300741,47.68281],[-122.300754,47.683057],[-122.300755,47.683202],[-122.300755,47.683264],[-122.300755,47.683559],[-122.300759,47.683942],[-122.300757,47.684067],[-122.300764,47.684864],[-122.300789,47.686124],[-122.300793,47.686334],[-122.300827,47.686547],[-122.300874,47.68667],[-122.301389,47.687412],[-122.301456,47.687509],[-122.301511,47.687599],[-122.301575,47.687703],[-122.301631,47.687833],[-122.301699,47.68817],[-122.301685,47.688443],[-122.301679,47.688505],[-122.301656,47.688612],[-122.301486,47.689471],[-122.301471,47.689593],[-122.301507,47.689829],[-122.301566,47.689971],[-122.301692,47.690264],[-122.30205,47.691191],[-122.302081,47.69127],[-122.302097,47.69131],[-122.30277,47.693012],[-122.302889,47.693275],[-122.303042,47.693481],[-122.303106,47.693545],[-122.303176,47.693605],[-122.30358,47.693916],[-122.303628,47.693953],[-122.303729,47.694031],[-122.304492,47.69462],[-122.305014,47.695023],[-122.305106,47.695119],[-122.305174,47.695224],[-122.305337,47.69562],[-122.30539,47.695748],[-122.305433,47.695824],[-122.305476,47.695887],[-122.305562,47.696067],[-122.305708,47.696387],[-122.305763,47.696509],[-122.305747,47.69669],[-122.30568,47.69705],[-122.305566,47.697405],[-122.305492,47.697579],[-122.305437,47.697691],[-122.305268,47.697987],[-122.305184,47.698111],[-122.305172,47.698129],[-122.304956,47.698407],[-122.303582,47.70001],[-122.30335,47.700283],[-122.303172,47.700491],[-122.303002,47.700689],[-122.302897,47.700812],[-122.302814,47.700909],[-122.30263,47.701124],[-122.302587,47.701178],[-122.302193,47.701669],[-122.302101,47.701798],[-122.302018,47.70193],[-122.301942,47.702063],[-122.301854,47.702244],[-122.30179,47.702405],[-122.30178,47.702428],[-122.301722,47.702615],[-122.301679,47.702803],[-122.301651,47.702993],[-122.301638,47.703179],[-122.301639,47.703385],[-122.30164,47.703535],[-122.301641,47.70384],[-122.301642,47.70397],[-122.301643,47.704131],[-122.301644,47.704335],[-122.301645,47.704516],[-122.301646,47.704774],[-122.301647,47.705015],[-122.301646,47.705106],[-122.301649,47.705508],[-122.30165,47.705655],[-122.301651,47.705831],[-122.301649,47.706041],[-122.301656,47.706706],[-122.301648,47.706853],[-122.301646,47.7069],[-122.301638,47.706992],[-122.30163,47.707093],[-122.301616,47.707229],[-122.30161,47.707287],[-122.301517,47.707865],[-122.301477,47.708032],[-122.301429,47.708248],[-122.301378,47.708438],[-122.30133,47.708595],[-122.301317,47.708639],[-122.301286,47.708733],[-122.301251,47.708839],[-122.301224,47.708913],[-122.301179,47.709038],[-122.301161,47.709085],[-122.301113,47.709208],[-122.301077,47.709296],[-122.300874,47.709745],[-122.300825,47.709843],[-122.300804,47.709885],[-122.300741,47.710005],[-122.300692,47.710101],[-122.300655,47.710158],[-122.300577,47.710291],[-122.300495,47.710423],[-122.300346,47.710513],[-122.300162,47.710831],[-122.299988,47.711132],[-122.299913,47.711261],[-122.299746,47.71155],[-122.299624,47.711761],[-122.299508,47.711962],[-122.299449,47.712066],[-122.299406,47.712137],[-122.299359,47.712218],[-122.299246,47.712412],[-122.298836,47.713112],[-122.298754,47.713252],[-122.298651,47.713427],[-122.298462,47.713743],[-122.298488,47.713824],[-122.298256,47.714223],[-122.298049,47.714577],[-122.297952,47.714652],[-122.297932,47.714669],[-122.297708,47.715027],[-122.297661,47.715122],[-122.297688,47.715202],[-122.297666,47.715239],[-122.297624,47.715305],[-122.297611,47.715324],[-122.297418,47.715623],[-122.297353,47.715739],[-122.297206,47.716006],[-122.297176,47.716059],[-122.297075,47.716085],[-122.297016,47.7162],[-122.296988,47.716253],[-122.297031,47.716309],[-122.296973,47.716403],[-122.296954,47.716432],[-122.29669,47.716857],[-122.296344,47.717414],[-122.296181,47.717722],[-122.296014,47.717887],[-122.295633,47.718488],[-122.295362,47.718934],[-122.295218,47.719171],[-122.295235,47.71927],[-122.295175,47.719376],[-122.294982,47.719715],[-122.294871,47.719806],[-122.294671,47.720094],[-122.294571,47.720261],[-122.294428,47.720499],[-122.294423,47.720638],[-122.294369,47.720727],[-122.294293,47.720851],[-122.294157,47.721073],[-122.294144,47.721095],[-122.294117,47.721142],[-122.29403,47.721294],[-122.293995,47.721354],[-122.293967,47.721404],[-122.293876,47.721426],[-122.293519,47.722101],[-122.293567,47.722178],[-122.29353,47.722248],[-122.293462,47.722372],[-122.293333,47.722611],[-122.293264,47.722731],[-122.293224,47.722802],[-122.293181,47.722889],[-122.29316,47.722965],[-122.293021,47.723325],[-122.292983,47.723422],[-122.29287,47.723537],[-122.292819,47.723636],[-122.292634,47.724225],[-122.29267,47.724315],[-122.292624,47.724482],[-122.292563,47.7247],[-122.29256,47.724713],[-122.292502,47.72495],[-122.292492,47.724997],[-122.292464,47.725124],[-122.292447,47.725202],[-122.292426,47.725309],[-122.292405,47.725421],[-122.292399,47.725453],[-122.292384,47.725542],[-122.292357,47.725706],[-122.29234,47.72583],[-122.292323,47.725958],[-122.292295,47.726211],[-122.292274,47.726465],[-122.292262,47.726667],[-122.292256,47.726815],[-122.292254,47.726868],[-122.29225,47.72703],[-122.292251,47.727071],[-122.292251,47.72713],[-122.292252,47.727273],[-122.292272,47.728015],[-122.292272,47.728019],[-122.29228,47.728319],[-122.292296,47.728943],[-122.292302,47.72915],[-122.292311,47.729466],[-122.29232,47.729786],[-122.292324,47.729941],[-122.292329,47.730096],[-122.292343,47.73074],[-122.292345,47.730822],[-122.29235,47.731058],[-122.292369,47.731948],[-122.292371,47.732016],[-122.292374,47.73214],[-122.292379,47.732238],[-122.292388,47.732434],[-122.292402,47.732726],[-122.292404,47.732768],[-122.292415,47.733024],[-122.292422,47.733189],[-122.292425,47.733276],[-122.292436,47.733524],[-122.292446,47.73376],[-122.292456,47.733874],[-122.292457,47.73394],[-122.292463,47.734251],[-122.292469,47.734622],[-122.29247,47.734635],[-122.292477,47.734732],[-122.292414,47.734806],[-122.292417,47.73493],[-122.292416,47.73503],[-122.292416,47.735123],[-122.292408,47.735266],[-122.292392,47.735409],[-122.292386,47.735557],[-122.292458,47.735614],[-122.29241,47.735803],[-122.2924,47.735842],[-122.292352,47.735985],[-122.292319,47.736083],[-122.292253,47.736257],[-122.292207,47.736344],[-122.292177,47.736384],[-122.292056,47.736424],[-122.29205,47.736435],[-122.29201,47.7365],[-122.291773,47.736858],[-122.291665,47.736993],[-122.291635,47.737031],[-122.291522,47.737165],[-122.291066,47.737707],[-122.290935,47.737865],[-122.290913,47.737892],[-122.290357,47.73856],[-122.29008,47.738893],[-122.289936,47.739066],[-122.289674,47.739381],[-122.289595,47.739476],[-122.289457,47.739626],[-122.289356,47.739724],[-122.289204,47.739909],[-122.289125,47.740005],[-122.28872,47.740498],[-122.28827,47.741044],[-122.288132,47.741217],[-122.287792,47.741642],[-122.28775,47.741694],[-122.287513,47.74199],[-122.287503,47.742014],[-122.287385,47.742289],[-122.287374,47.742304],[-122.287023,47.742768],[-122.28687,47.743053],[-122.286652,47.7436],[-122.286597,47.743821],[-122.28646,47.744377],[-122.286413,47.74457],[-122.286396,47.744639],[-122.286064,47.746019],[-122.285823,47.746682],[-122.285656,47.747001],[-122.28509,47.747884],[-122.284868,47.748246],[-122.284793,47.748356],[-122.284684,47.748513],[-122.284647,47.748568],[-122.284207,47.749193],[-122.283289,47.750168],[-122.282349,47.750859],[-122.282141,47.751003],[-122.282029,47.751066],[-122.28147,47.751436],[-122.281297,47.751521],[-122.280831,47.751747],[-122.280267,47.752021],[-122.280534,47.75228],[-122.28064,47.752392],[-122.280657,47.752576],[-122.280658,47.75267],[-122.280659,47.752752],[-122.28066,47.752819],[-122.280684,47.755266],[-122.280686,47.75545],[-122.280687,47.755548],[-122.280689,47.75571],[-122.280648,47.75571],[-122.280083,47.755716],[-122.28008,47.755811],[-122.280082,47.755852],[-122.280125,47.755886],[-122.280055,47.755933],[-122.279961,47.755996],[-122.279903,47.756034],[-122.280546,47.756549],[-122.280643,47.756635],[-122.281001,47.756966],[-122.281342,47.757339],[-122.282917,47.759069],[-122.28347,47.759675],[-122.283716,47.759973],[-122.283836,47.760042],[-122.283888,47.760059],[-122.283909,47.760159],[-122.284984,47.761873],[-122.285188,47.762073],[-122.285265,47.762183],[-122.285284,47.762334],[-122.285258,47.762731],[-122.285257,47.763061],[-122.285436,47.763415],[-122.2855,47.763598],[-122.285522,47.763673],[-122.285531,47.763929],[-122.285516,47.764155],[-122.285298,47.76471],[-122.285243,47.764849],[-122.285182,47.765098],[-122.28517,47.765327],[-122.285157,47.765586],[-122.285118,47.765801],[-122.285029,47.765947],[-122.283845,47.76722],[-122.283792,47.767323],[-122.283784,47.767459],[-122.283814,47.767605],[-122.28392,47.767877],[-122.28421,47.768333],[-122.284907,47.768895],[-122.285017,47.769032],[-122.285372,47.769975],[-122.285696,47.770763],[-122.285829,47.77097],[-122.285854,47.771009],[-122.28631,47.771596],[-122.286712,47.772105],[-122.286825,47.772191],[-122.287554,47.772523],[-122.287868,47.772594],[-122.288088,47.772649],[-122.288268,47.772743],[-122.288433,47.772894],[-122.288667,47.773143],[-122.289628,47.774202],[-122.289797,47.774388],[-122.289795,47.774633],[-122.289868,47.774863],[-122.290235,47.77554],[-122.290314,47.775798],[-122.290296,47.776187],[-122.290186,47.776915],[-122.290092,47.777367],[-122.289868,47.778306],[-122.289836,47.77911],[-122.289799,47.779661],[-122.289788,47.780274],[-122.289862,47.781477],[-122.289934,47.781939],[-122.289948,47.781989],[-122.290294,47.783241],[-122.290631,47.78448],[-122.290734,47.78486],[-122.290863,47.785328],[-122.2912,47.786548],[-122.291655,47.788118],[-122.291841,47.788715],[-122.292033,47.789331],[-122.292145,47.789717],[-122.292206,47.790108],[-122.292243,47.790517],[-122.292239,47.791284],[-122.292241,47.791474],[-122.292245,47.791895],[-122.292256,47.79231],[-122.292263,47.792569],[-122.292268,47.792937],[-122.292275,47.793421],[-122.29228,47.793723],[-122.292273,47.794515],[-122.292288,47.795182],[-122.292285,47.796099],[-122.292288,47.796903],[-122.292288,47.796969],[-122.292289,47.797038],[-122.292296,47.797714],[-122.292323,47.798872],[-122.292323,47.799615],[-122.292323,47.799702],[-122.29233,47.80047],[-122.292327,47.800956],[-122.292323,47.801174],[-122.29232,47.801363],[-122.292309,47.801864],[-122.292308,47.80194],[-122.292308,47.802015],[-122.292311,47.802489],[-122.292313,47.80275],[-122.292314,47.80293],[-122.29232,47.803096],[-122.292345,47.803735],[-122.292348,47.804],[-122.292356,47.804535],[-122.292357,47.804614],[-122.292357,47.80471],[-122.29236,47.805424],[-122.292361,47.805738],[-122.292362,47.805881],[-122.292363,47.806314],[-122.292364,47.806446],[-122.292297,47.806567],[-122.292289,47.806967],[-122.292287,47.807119],[-122.292352,47.807209],[-122.292345,47.807394],[-122.292343,47.807558],[-122.292339,47.807935],[-122.292338,47.808135],[-122.292333,47.808889],[-122.292331,47.809126],[-122.292323,47.810215],[-122.29232,47.810513],[-122.292319,47.810616],[-122.292321,47.810721],[-122.292304,47.812271],[-122.292303,47.812393],[-122.292289,47.812967],[-122.292275,47.813526],[-122.292283,47.814724],[-122.292292,47.814967],[-122.292316,47.815561],[-122.29234,47.816188],[-122.29234,47.816215],[-122.292338,47.816549],[-122.292337,47.816778],[-122.292334,47.817181],[-122.292334,47.81732],[-122.292338,47.817462],[-122.292354,47.817908],[-122.292368,47.818324],[-122.292376,47.81855],[-122.292387,47.818902],[-122.292398,47.819216],[-122.292404,47.819385],[-122.2924,47.819649],[-122.292407,47.819965],[-122.292408,47.820309],[-122.292409,47.820416],[-122.292409,47.820501],[-122.29241,47.820806],[-122.292411,47.820941],[-122.29241,47.821112],[-122.292406,47.821529],[-122.292401,47.822045],[-122.292395,47.82274],[-122.292394,47.822809],[-122.292397,47.822927],[-122.292417,47.823963],[-122.292406,47.824588],[-122.2924,47.824903],[-122.292403,47.825448],[-122.292404,47.825731],[-122.292417,47.827132],[-122.292427,47.828148],[-122.292428,47.828251],[-122.29243,47.828338],[-122.292451,47.829312],[-122.292452,47.829522],[-122.292453,47.829594],[-122.292455,47.8298],[-122.292459,47.830302],[-122.29247,47.830857],[-122.292472,47.830936],[-122.292494,47.832036],[-122.292499,47.832341],[-122.292494,47.833079],[-122.292494,47.834024],[-122.292522,47.835549],[-122.292522,47.836038],[-122.292533,47.836561],[-122.29253,47.836691],[-122.292528,47.836912],[-122.292517,47.838299],[-122.292518,47.838386],[-122.29252,47.838715],[-122.292523,47.839159],[-122.29253,47.840061],[-122.292539,47.840722],[-122.292546,47.841006],[-122.29253,47.842242],[-122.292518,47.842805],[-122.29252,47.843022],[-122.292528,47.843653],[-122.292532,47.844017],[-122.292537,47.844431],[-122.292542,47.84493],[-122.292532,47.845665],[-122.292856,47.845664],[-122.293476,47.845661],[-122.29348,47.845982],[-122.293515,47.846039],[-122.29383,47.846105],[-122.294344,47.846212],[-122.294268,47.846367],[-122.29412,47.846413],[-122.294183,47.846583],[-122.294468,47.846542],[-122.294663,47.846514],[-122.294587,47.846706],[-122.294438,47.847083],[-122.294332,47.847349],[-122.294212,47.847651],[-122.2942,47.847681],[-122.294174,47.847762],[-122.294116,47.847941],[-122.293853,47.848616],[-122.29374,47.848928],[-122.293683,47.849087],[-122.293561,47.849427],[-122.293281,47.850206],[-122.293222,47.850339],[-122.292765,47.851366],[-122.292584,47.851781],[-122.292558,47.851841],[-122.292335,47.852299],[-122.292192,47.852595],[-122.291823,47.853357],[-122.291575,47.853697],[-122.291308,47.854061],[-122.291224,47.854176],[-122.291084,47.854328],[-122.290716,47.854728],[-122.290478,47.854988],[-122.290078,47.855423],[-122.290064,47.855439],[-122.289473,47.85612],[-122.289349,47.856245],[-122.289273,47.856331],[-122.288944,47.8567],[-122.288315,47.857398],[-122.288081,47.857622],[-122.287883,47.857811],[-122.287677,47.858026],[-122.287316,47.858401],[-122.287207,47.858518],[-122.286996,47.858744],[-122.286836,47.858916],[-122.285875,47.859946],[-122.285756,47.860073],[-122.285342,47.860518],[-122.285008,47.860875],[-122.284946,47.860942],[-122.284603,47.861309],[-122.284335,47.861596],[-122.284118,47.86183],[-122.283765,47.862207],[-122.283688,47.86229],[-122.283572,47.862414],[-122.283366,47.862635],[-122.282899,47.863136],[-122.282837,47.863203],[-122.28248,47.863585],[-122.282427,47.863643],[-122.282307,47.863775],[-122.282043,47.864065],[-122.28193,47.864188],[-122.281818,47.864312],[-122.281465,47.864698],[-122.281402,47.864767],[-122.280831,47.865392],[-122.280165,47.866121],[-122.279687,47.866625],[-122.278974,47.867388],[-122.278952,47.867411],[-122.278615,47.86778],[-122.278066,47.868381],[-122.277924,47.868536],[-122.277345,47.869153],[-122.276751,47.869785],[-122.276024,47.870559],[-122.275988,47.870598],[-122.275588,47.871024],[-122.275337,47.871292],[-122.275248,47.871386],[-122.275094,47.87155],[-122.274766,47.8719],[-122.274348,47.872345],[-122.274259,47.87244],[-122.274072,47.872639],[-122.273815,47.872912],[-122.273723,47.873011],[-122.273638,47.873098],[-122.273404,47.873342],[-122.272937,47.873847],[-122.272601,47.874209],[-122.272421,47.874401],[-122.272134,47.874707],[-122.271883,47.874973],[-122.271362,47.875528],[-122.271006,47.875907],[-122.270884,47.876036],[-122.270713,47.876218],[-122.270565,47.876376],[-122.270378,47.876581],[-122.27027,47.876687],[-122.269948,47.87703],[-122.269738,47.877267],[-122.269189,47.877856],[-122.267384,47.879764],[-122.267219,47.879958],[-122.267052,47.880134],[-122.266902,47.880292],[-122.266728,47.880476],[-122.266548,47.880666],[-122.265982,47.881263],[-122.26578,47.881477],[-122.265465,47.881826],[-122.265177,47.882144],[-122.265137,47.882189],[-122.264834,47.882535],[-122.264767,47.882608],[-122.264283,47.883135],[-122.263799,47.883648],[-122.263254,47.884242],[-122.262791,47.884745],[-122.262291,47.885278],[-122.26205,47.885533],[-122.261633,47.88598],[-122.261559,47.88606],[-122.261515,47.886107],[-122.26129,47.886349],[-122.261146,47.886503],[-122.260773,47.886904],[-122.26022,47.887497],[-122.259685,47.888072],[-122.259367,47.888414],[-122.259192,47.888601],[-122.259019,47.888787],[-122.258908,47.888906],[-122.258814,47.889007],[-122.258575,47.889265],[-122.258444,47.889406],[-122.258314,47.889543],[-122.258118,47.889751],[-122.257963,47.889914],[-122.257762,47.890125],[-122.257705,47.890185],[-122.257499,47.890403],[-122.257383,47.890525],[-122.257217,47.8907],[-122.257144,47.890778],[-122.256938,47.890999],[-122.25671,47.891245],[-122.256683,47.891273],[-122.256297,47.891688],[-122.256228,47.891763],[-122.256116,47.891884],[-122.255834,47.892186],[-122.255767,47.892258],[-122.25539,47.892663],[-122.255002,47.89308],[-122.254945,47.893141],[-122.254454,47.893666],[-122.254431,47.893689],[-122.254118,47.894024],[-122.253757,47.894411],[-122.253342,47.894855],[-122.253163,47.895047],[-122.253115,47.895098],[-122.253016,47.895204],[-122.252795,47.895441],[-122.252751,47.895488],[-122.252623,47.895625],[-122.252442,47.895819],[-122.252221,47.896063],[-122.252011,47.896293],[-122.251886,47.89643],[-122.251743,47.896582],[-122.251521,47.896818],[-122.251248,47.897108],[-122.250806,47.897577],[-122.250633,47.89776],[-122.250237,47.898181],[-122.249899,47.898539],[-122.249766,47.89868],[-122.249712,47.898738],[-122.249427,47.899041],[-122.249129,47.899357],[-122.248993,47.899502],[-122.248902,47.899598],[-122.248491,47.900034],[-122.247811,47.900762],[-122.247421,47.901181],[-122.247266,47.901347],[-122.24718,47.90144],[-122.246657,47.902002],[-122.246454,47.90222],[-122.246193,47.902501],[-122.246026,47.902678],[-122.245914,47.902796],[-122.245579,47.903151],[-122.245565,47.903166],[-122.245354,47.90339],[-122.245084,47.903683],[-122.24504,47.903731],[-122.244633,47.904173],[-122.244322,47.90451],[-122.244289,47.904542],[-122.244269,47.904563],[-122.243853,47.90501],[-122.243569,47.905314],[-122.243165,47.905749],[-122.242977,47.90595],[-122.242666,47.906283],[-122.242428,47.90654],[-122.242298,47.906678],[-122.242215,47.906768],[-122.241691,47.907331],[-122.241453,47.907586],[-122.241433,47.907609],[-122.241295,47.907757],[-122.241189,47.907871],[-122.241139,47.907924],[-122.240936,47.908144],[-122.240787,47.908305],[-122.240562,47.908547],[-122.240321,47.908808],[-122.240224,47.908913],[-122.239974,47.909184],[-122.239944,47.909215],[-122.239656,47.909522],[-122.239631,47.909555],[-122.239456,47.909738],[-122.239349,47.909852],[-122.239168,47.910047],[-122.239119,47.910101],[-122.239032,47.910195],[-122.238896,47.910335],[-122.238813,47.910421],[-122.238596,47.910645],[-122.238483,47.910762],[-122.238439,47.91081],[-122.238056,47.911222],[-122.237737,47.911574],[-122.237511,47.91182],[-122.237474,47.91186],[-122.237191,47.912167],[-122.237016,47.912353],[-122.236917,47.912458],[-122.236851,47.912529],[-122.236756,47.912629],[-122.236557,47.912841],[-122.236332,47.913079],[-122.236224,47.913193],[-122.235906,47.913531],[-122.235859,47.913581],[-122.235762,47.91369],[-122.235524,47.913956],[-122.235433,47.914058],[-122.235393,47.914103],[-122.235304,47.914196],[-122.235261,47.914241],[-122.235201,47.914303],[-122.235078,47.914419],[-122.234992,47.914521],[-122.234826,47.914693],[-122.234782,47.914739],[-122.234684,47.914841],[-122.234425,47.915111],[-122.234292,47.915255],[-122.234249,47.915302],[-122.234202,47.915353],[-122.233588,47.916024],[-122.233208,47.916425],[-122.23307,47.916573],[-122.232659,47.917016],[-122.232624,47.917053],[-122.232416,47.917278],[-122.232333,47.917367],[-122.232151,47.917563],[-122.231851,47.917885],[-122.231621,47.918133],[-122.231445,47.918323],[-122.231097,47.918697],[-122.230733,47.919089],[-122.230694,47.919131],[-122.230488,47.919352],[-122.229975,47.919901],[-122.229847,47.920038],[-122.229648,47.920242],[-122.229524,47.920384],[-122.229333,47.920588],[-122.22921,47.92072],[-122.229059,47.920881],[-122.228936,47.921013],[-122.228872,47.921082],[-122.22858,47.921394],[-122.228539,47.921438],[-122.228378,47.92161],[-122.228359,47.921631],[-122.228179,47.921824],[-122.228164,47.92184],[-122.228078,47.921932],[-122.227622,47.922417],[-122.2276,47.92244],[-122.227332,47.922724],[-122.227218,47.922847],[-122.226801,47.923309],[-122.226723,47.923403],[-122.22639,47.923757],[-122.226162,47.923995],[-122.225993,47.924172],[-122.225864,47.924313],[-122.225639,47.924561],[-122.225358,47.924834],[-122.225122,47.925092],[-122.224927,47.925284],[-122.224897,47.925315],[-122.224841,47.925378],[-122.224727,47.925495],[-122.224327,47.925926],[-122.223991,47.926261],[-122.223522,47.92675],[-122.222946,47.927355],[-122.222818,47.927489],[-122.22257,47.927781],[-122.222452,47.927874],[-122.222176,47.928219],[-122.222046,47.928354],[-122.221676,47.928754],[-122.221509,47.928943],[-122.221273,47.929263],[-122.221255,47.929293],[-122.221148,47.929482],[-122.221049,47.929654],[-122.220798,47.930093],[-122.220614,47.93057],[-122.220562,47.930692],[-122.220442,47.931017],[-122.220373,47.931259],[-122.220315,47.931464],[-122.220296,47.931533],[-122.220214,47.931833],[-122.220196,47.931901],[-122.220111,47.93218],[-122.220102,47.932219],[-122.220063,47.932363],[-122.220037,47.932459],[-122.220028,47.93249],[-122.219909,47.932932],[-122.219889,47.933006],[-122.219826,47.933236],[-122.219798,47.933339],[-122.219753,47.933504],[-122.219687,47.933745],[-122.219655,47.933865],[-122.219613,47.93402],[-122.219586,47.934118],[-122.219573,47.934164],[-122.219548,47.934256],[-122.219521,47.934358],[-122.219462,47.934578],[-122.21943,47.934703],[-122.219394,47.934842],[-122.219355,47.934992],[-122.219344,47.935033],[-122.219311,47.935162],[-122.219255,47.935379],[-122.219209,47.935558],[-122.219045,47.936193],[-122.218924,47.936634],[-122.218816,47.937018],[-122.218803,47.937065],[-122.218749,47.937254],[-122.21873,47.937325],[-122.218661,47.937571],[-122.218637,47.93766],[-122.218635,47.937668],[-122.218595,47.937811],[-122.218444,47.938353],[-122.218335,47.938744],[-122.218321,47.938801],[-122.218288,47.938932],[-122.218226,47.939169],[-122.218149,47.939493],[-122.218124,47.939593],[-122.217952,47.940282],[-122.217934,47.940357],[-122.217829,47.940758],[-122.217813,47.94082],[-122.217744,47.941118],[-122.217637,47.941472],[-122.217606,47.941579],[-122.217574,47.941683],[-122.21756,47.941736],[-122.217527,47.941858],[-122.217465,47.942093],[-122.217415,47.942281],[-122.217364,47.942471],[-122.217319,47.94264],[-122.217239,47.942938],[-122.217219,47.943022],[-122.217066,47.943604],[-122.217042,47.94368],[-122.216943,47.943948],[-122.216918,47.944004],[-122.216856,47.944141],[-122.216807,47.94425],[-122.216734,47.944417],[-122.216713,47.944467],[-122.216675,47.944555],[-122.216624,47.94467],[-122.216587,47.944753],[-122.21649,47.944973],[-122.216438,47.945089],[-122.216411,47.945151],[-122.216342,47.945306],[-122.216302,47.945398],[-122.216268,47.945474],[-122.216225,47.945572],[-122.216203,47.94562],[-122.216061,47.945941],[-122.216025,47.946029],[-122.215954,47.946197],[-122.215901,47.946324],[-122.215844,47.946461],[-122.215803,47.946552],[-122.21579,47.94658],[-122.21569,47.946801],[-122.215616,47.946965],[-122.215553,47.947103],[-122.215471,47.947285],[-122.215277,47.947712],[-122.215198,47.947897],[-122.215039,47.948244],[-122.214913,47.948519],[-122.214897,47.948554],[-122.214759,47.948856],[-122.214623,47.949157],[-122.214545,47.949329],[-122.214508,47.949417],[-122.21446,47.949533],[-122.214321,47.949872],[-122.214214,47.950133],[-122.214196,47.950178],[-122.214051,47.950561],[-122.214016,47.950653],[-122.213951,47.950863],[-122.213947,47.950878],[-122.21391,47.950998],[-122.213885,47.951075],[-122.213856,47.95117],[-122.213804,47.951357],[-122.213798,47.951381],[-122.213774,47.951464],[-122.213705,47.951713],[-122.213683,47.951793],[-122.213669,47.951844],[-122.213661,47.951887],[-122.213648,47.951955],[-122.213544,47.9525],[-122.213528,47.952583],[-122.213446,47.953037],[-122.213398,47.953316],[-122.213335,47.95369],[-122.213273,47.954058],[-122.213231,47.954311],[-122.213186,47.954575],[-122.213155,47.954761],[-122.213141,47.954847],[-122.213126,47.954936],[-122.213084,47.955184],[-122.213068,47.955278],[-122.213035,47.955384],[-122.21284,47.956009],[-122.212743,47.95625],[-122.212574,47.956668],[-122.212413,47.956954],[-122.21228,47.957188],[-122.211897,47.957865],[-122.211056,47.959351],[-122.210897,47.959709],[-122.210795,47.959993],[-122.21075,47.960146],[-122.21071,47.960383],[-122.210665,47.960654],[-122.210352,47.960661],[-122.210316,47.960662],[-122.209961,47.96067],[-122.209266,47.960688],[-122.208555,47.960701],[-122.208384,47.960704],[-122.208116,47.960711],[-122.208056,47.960712],[-122.207995,47.960713],[-122.207862,47.960716],[-122.207721,47.960717],[-122.207362,47.960734],[-122.206994,47.960802],[-122.206799,47.960895],[-122.206652,47.960961],[-122.206584,47.960965],[-122.206267,47.960954],[-122.206164,47.960965],[-122.206033,47.961006],[-122.205776,47.961122],[-122.204983,47.961779],[-122.204891,47.961959],[-122.204802,47.962567],[-122.2047,47.962909],[-122.204534,47.963079],[-122.204349,47.963218],[-122.204285,47.963373],[-122.204316,47.963551],[-122.204367,47.963659],[-122.203667,47.963886],[-122.20378,47.964029],[-122.203875,47.964187],[-122.203914,47.964311],[-122.203866,47.964456],[-122.203735,47.964556],[-122.2035,47.964628],[-122.202415,47.964742],[-122.201219,47.964867],[-122.200977,47.964874],[-122.200996,47.965251],[-122.201005,47.965419],[-122.201016,47.965615],[-122.201023,47.965741],[-122.201046,47.966139],[-122.201065,47.966483],[-122.201077,47.966712],[-122.201113,47.967386],[-122.201117,47.967448],[-122.201118,47.967523],[-122.201127,47.967887],[-122.201128,47.967914],[-122.201133,47.968127],[-122.201141,47.968464],[-122.201145,47.968608],[-122.201146,47.968675],[-122.201148,47.968761],[-122.201153,47.968867],[-122.201167,47.969207],[-122.201173,47.969344],[-122.201182,47.969543],[-122.201193,47.969804],[-122.201198,47.969923],[-122.201204,47.970076],[-122.20123,47.970664],[-122.201262,47.971384],[-122.201308,47.97244],[-122.201319,47.972702],[-122.201373,47.973931],[-122.201376,47.974013],[-122.201381,47.974112],[-122.201443,47.975343],[-122.201472,47.976075],[-122.201475,47.97616],[-122.201476,47.976185],[-122.20149,47.976537],[-122.201494,47.976652],[-122.201502,47.97682],[-122.201506,47.976891],[-122.20151,47.976989],[-122.20152,47.977195],[-122.201554,47.977897],[-122.201559,47.977991],[-122.201558,47.978111],[-122.201555,47.978775],[-122.201554,47.97906],[-122.201553,47.979221],[-122.201548,47.979347],[-122.201538,47.979655],[-122.201538,47.979952],[-122.201527,47.980541],[-122.201524,47.980769],[-122.20152,47.981117],[-122.201518,47.981304],[-122.201516,47.98145],[-122.201515,47.98157],[-122.201513,47.981749],[-122.201511,47.981885],[-122.201509,47.982043],[-122.201506,47.982328],[-122.201504,47.982535],[-122.201503,47.982572],[-122.201497,47.982862],[-122.20149,47.983195],[-122.201482,47.983785],[-122.20148,47.983933],[-122.201478,47.98403],[-122.201474,47.984326],[-122.201473,47.984421],[-122.201472,47.984496],[-122.201467,47.984604],[-122.201449,47.98507],[-122.201443,47.985222],[-122.201441,47.985259],[-122.201426,47.985624],[-122.201419,47.98581],[-122.201416,47.986018],[-122.201409,47.986525],[-122.201408,47.986597],[-122.201405,47.986797],[-122.201402,47.98704],[-122.201401,47.987121],[-122.201396,47.987223],[-122.201368,47.987784],[-122.201336,47.988442],[-122.201327,47.989502],[-122.201326,47.989592],[-122.201325,47.989757],[-122.201321,47.989978],[-122.201313,47.990401],[-122.201303,47.990909],[-122.2013,47.991074],[-122.201292,47.991458],[-122.201289,47.991596],[-122.201284,47.991828],[-122.201276,47.992226],[-122.201274,47.99229],[-122.201272,47.992399],[-122.201269,47.992508],[-122.201253,47.993003],[-122.201234,47.993627],[-122.201231,47.993713],[-122.201227,47.993803],[-122.201216,47.99403],[-122.201209,47.994188],[-122.201192,47.994534],[-122.201185,47.99503],[-122.20116,47.995477],[-122.20116,47.995519],[-122.20116,47.995739],[-122.201159,47.996018],[-122.201158,47.996254],[-122.201156,47.996347],[-122.201154,47.996418],[-122.201124,47.997],[-122.2011,47.997468],[-122.201089,47.997669],[-122.201084,47.998282],[-122.201079,47.998889],[-122.201078,47.998971],[-122.201075,47.999063],[-122.201074,47.999118],[-122.201054,47.999612],[-122.201039,47.999996],[-122.201031,48.000205],[-122.201027,48.00029],[-122.201025,48.000378],[-122.201014,48.000819],[-122.201015,48.000876],[-122.20101,48.001117],[-122.201007,48.001279],[-122.201002,48.001517],[-122.201,48.001599],[-122.200926,48.001677],[-122.200921,48.002092],[-122.200887,48.002306],[-122.20074,48.002758],[-122.200534,48.003131],[-122.200439,48.003256],[-122.200384,48.003329],[-122.200245,48.003473],[-122.200228,48.003585],[-122.200144,48.003668],[-122.200084,48.003726],[-122.199969,48.003823],[-122.199616,48.004096],[-122.199512,48.004184],[-122.199473,48.004212],[-122.199391,48.004276],[-122.198278,48.005126],[-122.19766,48.005598],[-122.197561,48.005673],[-122.197531,48.005697],[-122.197455,48.005755],[-122.197323,48.00586],[-122.196859,48.006226],[-122.196286,48.006679],[-122.195758,48.007097],[-122.195359,48.007406],[-122.194788,48.007847],[-122.194697,48.007918],[-122.194412,48.008139],[-122.194144,48.008346],[-122.192538,48.009588],[-122.192033,48.009913],[-122.191598,48.010242],[-122.190694,48.010952],[-122.190359,48.011212],[-122.19021,48.011351],[-122.189734,48.011818],[-122.189449,48.012111],[-122.189254,48.012324],[-122.188852,48.012811],[-122.188683,48.013056],[-122.188553,48.013289],[-122.188341,48.013746],[-122.188246,48.01402],[-122.188168,48.014308],[-122.186885,48.01926],[-122.186736,48.019838],[-122.18639,48.020986],[-122.18573,48.022868],[-122.184534,48.026033],[-122.182925,48.030468],[-122.182322,48.032136],[-122.181942,48.033332],[-122.181715,48.034176],[-122.181528,48.034874],[-122.180857,48.037394],[-122.180679,48.038069],[-122.180546,48.03852],[-122.180317,48.039041],[-122.180006,48.039442],[-122.179577,48.039902],[-122.178902,48.040632],[-122.178815,48.040913],[-122.178802,48.041128],[-122.178817,48.041322],[-122.178866,48.041498],[-122.178945,48.041651],[-122.179181,48.041921],[-122.179822,48.042475],[-122.179965,48.042632],[-122.180146,48.042911],[-122.18044,48.043328],[-122.181016,48.044158],[-122.183579,48.048562],[-122.1837,48.048835],[-122.184129,48.049849],[-122.184292,48.050458],[-122.184386,48.051175],[-122.184402,48.051639],[-122.184419,48.052133],[-122.184378,48.055925],[-122.184575,48.060537],[-122.184713,48.06414],[-122.184732,48.065063],[-122.184746,48.065752],[-122.184738,48.068459],[-122.184644,48.070432],[-122.184601,48.079418],[-122.18467,48.096303],[-122.184687,48.104182],[-122.184764,48.113412],[-122.184919,48.118392],[-122.185202,48.12419],[-122.185234,48.12514],[-122.185331,48.126848],[-122.185485,48.128716],[-122.185674,48.132938],[-122.185786,48.134639],[-122.186077,48.137349],[-122.186249,48.13874],[-122.187478,48.145492],[-122.187837,48.147618],[-122.187894,48.147996],[-122.18933,48.15614],[-122.1896,48.1576],[-122.19096,48.165541],[-122.192473,48.174004],[-122.192678,48.175139],[-122.192884,48.175854],[-122.193256,48.176728],[-122.193579,48.177413],[-122.194189,48.178319],[-122.194798,48.179059],[-122.195321,48.179643],[-122.19739,48.182053],[-122.200463,48.185435],[-122.201765,48.186869],[-122.20502,48.190516],[-122.207466,48.193228],[-122.207878,48.193709],[-122.208183,48.194123],[-122.208813,48.195098],[-122.208951,48.195419],[-122.209535,48.196415],[-122.210342,48.198297],[-122.212075,48.20173],[-122.213674,48.204984],[-122.214081,48.205756],[-122.214671,48.207036],[-122.215122,48.208187],[-122.217283,48.21404],[-122.217577,48.214926],[-122.218872,48.218286],[-122.219225,48.219204],[-122.219637,48.220018],[-122.22041,48.221376],[-122.221216,48.222434],[-122.221989,48.223344],[-122.222853,48.224284],[-122.223842,48.225164],[-122.225035,48.226016],[-122.233078,48.231269],[-122.234165,48.232091],[-122.235571,48.233363],[-122.237577,48.235443],[-122.237781,48.235653],[-122.239433,48.237358],[-122.240634,48.238604],[-122.241034,48.239023],[-122.243103,48.241253],[-122.244788,48.243055],[-122.247984,48.246475],[-122.250908,48.249576],[-122.251473,48.250228],[-122.252995,48.251919],[-122.259626,48.259916],[-122.260544,48.260985],[-122.262585,48.262775],[-122.263514,48.26359],[-122.264552,48.264453],[-122.268303,48.267493],[-122.268807,48.267902],[-122.271931,48.270654],[-122.272802,48.271424],[-122.284826,48.281751],[-122.291465,48.287367],[-122.291819,48.287654],[-122.296779,48.291917],[-122.303445,48.297609],[-122.310589,48.303693],[-122.311608,48.304593],[-122.313213,48.305925],[-122.314133,48.30668],[-122.315014,48.307329],[-122.316164,48.308146],[-122.317787,48.309187],[-122.318929,48.310002],[-122.320093,48.310929],[-122.32094,48.311814],[-122.321648,48.312713],[-122.322217,48.31352],[-122.324328,48.316758],[-122.325627,48.318596],[-122.325926,48.319062],[-122.328576,48.323354],[-122.328837,48.323772],[-122.331383,48.327942],[-122.332396,48.329695],[-122.332773,48.330522],[-122.3331,48.331344],[-122.333534,48.332891],[-122.33431,48.336594],[-122.334523,48.337574],[-122.335532,48.342431],[-122.335735,48.343685],[-122.335854,48.345026],[-122.335884,48.345775],[-122.335912,48.346508],[-122.335811,48.35587],[-122.335617,48.366614],[-122.335391,48.376598],[-122.335337,48.377234],[-122.335311,48.377473],[-122.335241,48.3779],[-122.335134,48.378418],[-122.334857,48.379262],[-122.334586,48.379921],[-122.334215,48.38065],[-122.333623,48.381592],[-122.333294,48.382033],[-122.332865,48.382511],[-122.331966,48.38358],[-122.331583,48.384124],[-122.331143,48.384922],[-122.330761,48.385821],[-122.330646,48.386281],[-122.330607,48.386575],[-122.330521,48.387929],[-122.330443,48.390136],[-122.330405,48.393985],[-122.33037,48.395812],[-122.330371,48.397945],[-122.330328,48.399605],[-122.330553,48.402696],[-122.330627,48.403752],[-122.330747,48.405011],[-122.331465,48.413429],[-122.331469,48.414074],[-122.331562,48.414604],[-122.331712,48.415195],[-122.331927,48.415708],[-122.332302,48.416441],[-122.332765,48.417281],[-122.333005,48.41772],[-122.333889,48.419292],[-122.335039,48.421365],[-122.335811,48.422615],[-122.336165,48.423127],[-122.337894,48.425506],[-122.338713,48.426645],[-122.340021,48.428415],[-122.340403,48.429065],[-122.340752,48.429844],[-122.340997,48.430857],[-122.341043,48.431361],[-122.341032,48.432219],[-122.341044,48.432506],[-122.340996,48.435666],[-122.34099,48.436042],[-122.341033,48.438213],[-122.341016,48.440444],[-122.341015,48.440981],[-122.340993,48.443285],[-122.341106,48.446444],[-122.341127,48.447379],[-122.341147,48.448254],[-122.34113,48.449775],[-122.341213,48.452797],[-122.341327,48.457578],[-122.341366,48.458799],[-122.341368,48.459082],[-122.341475,48.463674],[-122.34151,48.464136],[-122.341559,48.46501],[-122.341689,48.46669],[-122.341841,48.468803],[-122.341936,48.470577],[-122.34198,48.4712],[-122.342044,48.471975],[-122.342142,48.4734],[-122.342314,48.475522],[-122.342377,48.476641],[-122.342452,48.47753],[-122.342461,48.478065],[-122.342397,48.47865],[-122.342276,48.479179],[-122.342181,48.479474],[-122.34205,48.479821],[-122.341727,48.480481],[-122.341399,48.480985],[-122.34119,48.48128],[-122.340818,48.481703],[-122.340523,48.482007],[-122.340226,48.482303],[-122.339748,48.482693],[-122.339402,48.482969],[-122.33801,48.483973],[-122.337302,48.484585],[-122.336863,48.485069],[-122.336604,48.48539],[-122.33632,48.485825],[-122.336009,48.486381],[-122.335786,48.48691],[-122.335615,48.487426],[-122.335551,48.487791],[-122.335482,48.488674],[-122.335455,48.489133],[-122.335419,48.491699],[-122.335358,48.493046],[-122.335356,48.493248],[-122.33527,48.497334],[-122.335307,48.498047],[-122.335403,48.498914],[-122.335661,48.500299],[-122.335836,48.500981],[-122.336161,48.501991],[-122.336405,48.502615],[-122.336799,48.503489],[-122.337045,48.504043],[-122.337886,48.505459],[-122.338787,48.506983],[-122.341772,48.512115],[-122.342565,48.513468],[-122.343137,48.514432],[-122.343531,48.515114],[-122.345706,48.518795],[-122.345939,48.519198],[-122.348016,48.522634],[-122.348815,48.524063],[-122.349083,48.524533],[-122.350022,48.5262],[-122.350563,48.527354],[-122.350813,48.527942],[-122.350966,48.528383],[-122.351249,48.529236],[-122.351636,48.531043],[-122.351747,48.532475],[-122.35185,48.54196],[-122.35179,48.542597],[-122.351636,48.543285],[-122.351256,48.544144],[-122.350192,48.546184],[-122.34972,48.547173],[-122.349531,48.547775],[-122.349376,48.548604],[-122.349368,48.549366],[-122.349445,48.550104],[-122.350115,48.552724],[-122.350235,48.553485],[-122.350286,48.554132],[-122.350278,48.55503],[-122.35014,48.55586],[-122.349969,48.556502],[-122.349437,48.557888],[-122.34796,48.561694],[-122.347892,48.562006],[-122.347746,48.562818],[-122.347587,48.564351],[-122.347765,48.568578],[-122.347767,48.570939],[-122.34763,48.572768],[-122.346907,48.57634],[-122.34678,48.576971],[-122.345853,48.581633],[-122.344952,48.585755],[-122.3443,48.589033],[-122.343766,48.591633],[-122.343678,48.592205],[-122.343544,48.59393],[-122.343613,48.595082],[-122.343718,48.595941],[-122.343824,48.596609],[-122.345288,48.604435],[-122.345589,48.60545],[-122.345961,48.606422],[-122.34622,48.606997],[-122.346584,48.607629],[-122.34704,48.608359],[-122.347664,48.609215],[-122.348093,48.609732],[-122.354728,48.617687],[-122.35538,48.618697],[-122.355732,48.619418],[-122.355973,48.620087],[-122.356184,48.620809],[-122.356324,48.621494],[-122.35678,48.625147],[-122.356925,48.626129],[-122.357177,48.627445],[-122.357418,48.628385],[-122.357697,48.629193],[-122.359826,48.634338],[-122.362728,48.641333],[-122.362909,48.641762],[-122.363187,48.642424],[-122.364204,48.644893],[-122.365603,48.648239],[-122.365894,48.648908],[-122.366564,48.650643],[-122.366959,48.651964],[-122.367399,48.653188],[-122.367994,48.654888],[-122.368081,48.655185],[-122.368838,48.656943],[-122.369962,48.65932],[-122.371131,48.66207],[-122.371814,48.664167],[-122.37226,48.665455],[-122.372569,48.666072],[-122.372904,48.666548],[-122.373428,48.667154],[-122.374123,48.66767],[-122.374973,48.668175],[-122.376526,48.668889],[-122.378629,48.66979],[-122.379822,48.670363],[-122.38171,48.671349],[-122.382878,48.671916],[-122.384457,48.672624],[-122.38583,48.67314],[-122.388199,48.673922],[-122.389401,48.674455],[-122.390714,48.675206],[-122.392087,48.676133],[-122.393031,48.676847],[-122.393646,48.677433],[-122.394199,48.678218],[-122.394473,48.67904],[-122.394542,48.679833],[-122.39431,48.680819],[-122.393958,48.682146],[-122.393795,48.683137],[-122.393855,48.683721],[-122.393941,48.684237],[-122.394147,48.684712],[-122.394422,48.685189],[-122.394851,48.685755],[-122.39528,48.686197],[-122.396061,48.686764],[-122.396748,48.687155],[-122.397778,48.687568],[-122.399924,48.688248],[-122.401374,48.68886],[-122.401606,48.689053],[-122.401692,48.689246],[-122.401726,48.689489],[-122.401683,48.689637],[-122.401572,48.68975],[-122.401461,48.689832],[-122.401308,48.689893],[-122.401398,48.689936],[-122.401552,48.69001],[-122.401818,48.690139],[-122.404468,48.691363],[-122.408183,48.693078],[-122.40821,48.69309],[-122.4137,48.695626],[-122.414798,48.696032],[-122.416107,48.696451],[-122.420979,48.697914],[-122.422965,48.69854],[-122.423125,48.698582],[-122.423493,48.698694],[-122.424687,48.699054],[-122.425625,48.69936],[-122.426123,48.699537],[-122.426801,48.699828],[-122.427345,48.700104],[-122.428768,48.701003],[-122.429428,48.70135],[-122.432131,48.702841],[-122.435471,48.70472],[-122.436711,48.705418],[-122.43736,48.705723],[-122.437891,48.705905],[-122.438471,48.706104],[-122.438979,48.706237],[-122.439558,48.706352],[-122.440431,48.706475],[-122.440963,48.70651],[-122.442119,48.706508],[-122.443014,48.706502],[-122.443681,48.706499],[-122.4452,48.706493],[-122.44741,48.706467],[-122.449424,48.706443],[-122.451668,48.706412],[-122.454023,48.706418],[-122.45488,48.706405],[-122.455971,48.706399],[-122.456738,48.706466],[-122.457541,48.706569],[-122.458295,48.706741],[-122.459015,48.706939],[-122.459696,48.707185],[-122.460244,48.707416],[-122.460459,48.707547],[-122.460849,48.707746],[-122.461457,48.708103],[-122.463031,48.709029],[-122.46354,48.709309],[-122.463966,48.709565],[-122.464519,48.709898],[-122.464862,48.710155],[-122.465722,48.710801],[-122.466141,48.711181],[-122.466344,48.711399],[-122.46665,48.711728],[-122.467257,48.712497],[-122.467387,48.712662],[-122.467753,48.713551],[-122.467916,48.71401],[-122.468015,48.714289],[-122.469015,48.717179],[-122.469604,48.718796],[-122.469707,48.71907],[-122.469979,48.719945],[-122.470126,48.720406],[-122.471043,48.723017],[-122.471389,48.724017],[-122.471534,48.724552],[-122.471642,48.725],[-122.471694,48.7253],[-122.471747,48.72585],[-122.471755,48.726372],[-122.471733,48.726783],[-122.471678,48.727155],[-122.471535,48.727987],[-122.471423,48.72842],[-122.47135,48.728613],[-122.471242,48.728884],[-122.471118,48.729086],[-122.470971,48.729273],[-122.470636,48.729602],[-122.470398,48.729801],[-122.470247,48.729897],[-122.46985,48.730186],[-122.46898,48.730758],[-122.468213,48.731296],[-122.468428,48.731381],[-122.468685,48.731653],[-122.469233,48.732455],[-122.469485,48.732861],[-122.469869,48.733641],[-122.469868,48.734063],[-122.469866,48.734799],[-122.469864,48.735435],[-122.469862,48.738003],[-122.469862,48.738233],[-122.469854,48.739336],[-122.469814,48.739501],[-122.469778,48.739651],[-122.470049,48.73983],[-122.470294,48.739992],[-122.470783,48.740315],[-122.471307,48.740658],[-122.471698,48.740915],[-122.471886,48.74101],[-122.471826,48.742376],[-122.471814,48.74289],[-122.471806,48.743268],[-122.471795,48.743792],[-122.471783,48.744543],[-122.471776,48.745015],[-122.472027,48.745107],[-122.472442,48.745379],[-122.472959,48.745718],[-122.473492,48.746064],[-122.473994,48.74639],[-122.474543,48.746746],[-122.475025,48.747059],[-122.475543,48.747398],[-122.476052,48.74773],[-122.476591,48.748071],[-122.477091,48.748407],[-122.477619,48.748752],[-122.478143,48.749076],[-122.478639,48.749414],[-122.479163,48.749752],[-122.47969,48.750094],[-122.480199,48.750424],[-122.480743,48.750774],[-122.48101,48.750946],[-122.481236,48.751096],[-122.481012,48.751251],[-122.481025,48.751877],[-122.481046,48.752862],[-122.481066,48.753873],[-122.481072,48.754132],[-122.481085,48.754773],[-122.481087,48.754884],[-122.481094,48.754916],[-122.48111,48.754961],[-122.481172,48.755006],[-122.481202,48.755023],[-122.481546,48.755238],[-122.481635,48.755297],[-122.482333,48.755797],[-122.482999,48.756243],[-122.483787,48.756728],[-122.484563,48.757241],[-122.485335,48.757737],[-122.486089,48.758251],[-122.486838,48.758743],[-122.487603,48.759241],[-122.488213,48.759664],[-122.488298,48.759738],[-122.488383,48.759813],[-122.488386,48.759974],[-122.488396,48.760616],[-122.488406,48.76178],[-122.488407,48.761882],[-122.488405,48.761979],[-122.488384,48.763138],[-122.488379,48.764381],[-122.488386,48.764768],[-122.489083,48.765609],[-122.48913,48.765666],[-122.489202,48.765755],[-122.491094,48.768095],[-122.491176,48.768196],[-122.491226,48.768259],[-122.491788,48.768956],[-122.49191,48.769107],[-122.492601,48.769962],[-122.492663,48.770038],[-122.493937,48.771617],[-122.494599,48.772436],[-122.494827,48.772719],[-122.494991,48.772923],[-122.495664,48.773721],[-122.495767,48.773851],[-122.495833,48.773934],[-122.495924,48.774046],[-122.496701,48.77501],[-122.497212,48.775644],[-122.497338,48.775604],[-122.497562,48.775548],[-122.497654,48.775546],[-122.497807,48.775576],[-122.499795,48.776154],[-122.50178,48.776695],[-122.502139,48.776802],[-122.502256,48.776837],[-122.502723,48.776992],[-122.503108,48.777139],[-122.503154,48.777161],[-122.503473,48.777309],[-122.504027,48.777617],[-122.50739,48.779902],[-122.509459,48.781312],[-122.511192,48.782454],[-122.514509,48.784704],[-122.515512,48.785378],[-122.516525,48.786094],[-122.517945,48.787062],[-122.518234,48.787354],[-122.518574,48.787732],[-122.518684,48.787936],[-122.51881,48.78835],[-122.518825,48.788533],[-122.518884,48.789165],[-122.51897,48.789493],[-122.519099,48.78977],[-122.519236,48.789956],[-122.519394,48.790117],[-122.519785,48.790363],[-122.521285,48.791125],[-122.521968,48.7915],[-122.522908,48.792118],[-122.524906,48.793523],[-122.525209,48.793784],[-122.530525,48.799255],[-122.535864,48.804762],[-122.537544,48.806496],[-122.544601,48.813778],[-122.546009,48.815213],[-122.549064,48.818367],[-122.550867,48.820215],[-122.553246,48.822693],[-122.563545,48.833288],[-122.567031,48.836828],[-122.568819,48.838683],[-122.569359,48.839202],[-122.57002,48.839948],[-122.570729,48.840822],[-122.571673,48.842254],[-122.572031,48.842844],[-122.57264,48.843653],[-122.572821,48.843871],[-122.574231,48.845377],[-122.575991,48.847169],[-122.578765,48.850014],[-122.578848,48.850156],[-122.57937,48.850648],[-122.581106,48.852228],[-122.581614,48.852735],[-122.582147,48.853206],[-122.583577,48.854721],[-122.584109,48.8553],[-122.584968,48.856384],[-122.585107,48.856542],[-122.585305,48.856858],[-122.585612,48.857813],[-122.585832,48.858093],[-122.585998,48.858233],[-122.586119,48.858356],[-122.586334,48.858601],[-122.587089,48.859603],[-122.587366,48.86002],[-122.587554,48.860375],[-122.587643,48.860626],[-122.587715,48.861066],[-122.587928,48.862178],[-122.58815,48.86445],[-122.588452,48.867235],[-122.588963,48.872543],[-122.588875,48.876204],[-122.588642,48.883424],[-122.588625,48.884438],[-122.588689,48.885084],[-122.588837,48.885729],[-122.589251,48.886573],[-122.589632,48.887153],[-122.590114,48.887691],[-122.590505,48.888065],[-122.591123,48.888569],[-122.592803,48.889617],[-122.594328,48.890533],[-122.599884,48.893906],[-122.600123,48.894056],[-122.602577,48.895588],[-122.605702,48.897446],[-122.610978,48.900634],[-122.616681,48.904101],[-122.617691,48.904769],[-122.618957,48.905664],[-122.619272,48.905892],[-122.624151,48.909516],[-122.62615,48.911159],[-122.627363,48.912323],[-122.630588,48.916101],[-122.632684,48.91861],[-122.633951,48.919917],[-122.635501,48.921261],[-122.636566,48.922109],[-122.639772,48.924223],[-122.643072,48.926349],[-122.644404,48.927092],[-122.646655,48.928209],[-122.65063,48.930097],[-122.656573,48.933014],[-122.658936,48.934112],[-122.664247,48.936683],[-122.66606,48.937703],[-122.667417,48.938616],[-122.682952,48.948915],[-122.6867,48.951443],[-122.694282,48.956425],[-122.696545,48.957974],[-122.701221,48.961033],[-122.708758,48.965309],[-122.716956,48.97],[-122.717985,48.97076],[-122.7192,48.971721],[-122.720192,48.972547],[-122.720395,48.972697],[-122.72668,48.977843],[-122.728568,48.979392],[-122.729192,48.979996],[-122.730109,48.980932],[-122.732952,48.984309],[-122.733366,48.984794],[-122.734885,48.986155],[-122.735523,48.986704],[-122.736323,48.987301],[-122.737953,48.988417],[-122.739538,48.989502],[-122.740879,48.990414],[-122.744374,48.993363],[-122.744913,48.993764],[-122.745356,48.994073],[-122.745746,48.994311],[-122.746186,48.994556],[-122.747255,48.995106],[-122.74867,48.995855],[-122.749013,48.996023],[-122.750229,48.996661],[-122.750648,48.996909],[-122.75107,48.997171],[-122.751511,48.997466],[-122.751741,48.997634],[-122.752277,48.998059],[-122.752379,48.99814],[-122.752674,48.998326],[-122.752878,48.998509],[-122.753093,48.998813],[-122.753169,48.998899],[-122.753293,48.998993],[-122.75347,48.999147],[-122.753594,48.99932],[-122.753762,48.9995],[-122.754501,49.000268],[-122.754797,49.000565],[-122.755395,49.001245],[-122.755581,49.001472],[-122.755789,49.001721],[-122.756004,49.002086],[-122.756726,49.003092],[-122.756757,49.003156],[-122.756862,49.003375],[-122.756907,49.003517],[-122.756905,49.003828],[-122.756913,49.004776],[-122.75691,49.004874],[-122.756903,49.00502],[-122.756995,49.005309],[-122.757008,49.005447],[-122.757012,49.005973],[-122.757019,49.006153],[-122.757032,49.006268],[-122.757087,49.006454],[-122.757142,49.006575],[-122.757247,49.006774],[-122.757327,49.006965],[-122.757362,49.007114],[-122.75738,49.007292],[-122.757381,49.007376],[-122.757387,49.007489],[-122.75739,49.007875],[-122.757395,49.00835],[-122.757399,49.008586],[-122.757407,49.009478],[-122.75743,49.009691],[-122.757434,49.010103],[-122.757439,49.01053],[-122.75743,49.011377],[-122.757418,49.011553],[-122.757524,49.012854],[-122.757659,49.013294],[-122.757809,49.013667],[-122.758261,49.014536],[-122.758839,49.015531],[-122.760142,49.017826],[-122.761668,49.020642],[-122.76336,49.023608],[-122.764211,49.025013],[-122.765268,49.026903],[-122.765839,49.027723],[-122.766728,49.028775],[-122.767447,49.029518],[-122.768065,49.03009],[-122.770897,49.032628],[-122.771755,49.033402],[-122.773068,49.034586],[-122.781076,49.041788],[-122.784123,49.044579],[-122.785591,49.045872],[-122.786916,49.047087],[-122.787617,49.047729],[-122.789814,49.049704],[-122.792363,49.051999],[-122.793374,49.052834],[-122.794294,49.053557],[-122.795942,49.054732],[-122.799418,49.057286],[-122.800946,49.05836],[-122.80262,49.05962],[-122.804181,49.060762],[-122.804611,49.061077],[-122.805607,49.061791],[-122.807881,49.063428],[-122.808226,49.063686],[-122.809469,49.06462],[-122.813237,49.067319],[-122.813679,49.067652],[-122.814129,49.067995],[-122.814423,49.068217],[-122.814705,49.068432],[-122.815948,49.069323],[-122.818438,49.07112],[-122.819657,49.07202],[-122.820673,49.072802],[-122.821631,49.073471],[-122.824866,49.075817],[-122.826522,49.077033],[-122.827434,49.077676],[-122.829006,49.078842],[-122.830798,49.080133],[-122.834103,49.082551],[-122.835905,49.083832],[-122.837476,49.08499],[-122.839742,49.086642],[-122.840746,49.08738],[-122.841484,49.087874],[-122.841845,49.088087],[-122.842789,49.088543],[-122.843982,49.088953],[-122.844617,49.08911],[-122.845235,49.089234],[-122.846067,49.089324],[-122.848213,49.089465],[-122.852196,49.089729],[-122.852937,49.089776],[-122.855124,49.08991],[-122.856561,49.090007],[-122.860257,49.090237],[-122.861723,49.090324],[-122.865002,49.090504],[-122.86865,49.090735],[-122.871719,49.090938],[-122.871765,49.090932],[-122.874567,49.091109],[-122.878151,49.091336],[-122.88833,49.091976],[-122.89112,49.092137],[-122.891821,49.092235],[-122.892467,49.092367],[-122.892963,49.0925],[-122.893464,49.092696],[-122.893757,49.092852],[-122.89404,49.093037],[-122.894517,49.093387],[-122.895008,49.093978],[-122.895048,49.094041],[-122.895224,49.094322],[-122.895965,49.095543],[-122.897133,49.097431],[-122.898259,49.099235],[-122.902951,49.106759],[-122.903779,49.108106],[-122.904605,49.109223],[-122.905149,49.109818],[-122.905513,49.110171],[-122.906021,49.110615],[-122.906781,49.111207],[-122.909279,49.112676],[-122.910662,49.11329],[-122.912352,49.113813],[-122.913445,49.114112],[-122.914657,49.114385],[-122.914877,49.114428],[-122.915486,49.11455],[-122.917391,49.114888],[-122.918897,49.115134],[-122.920617,49.115502],[-122.922062,49.115963],[-122.923659,49.116701],[-122.924796,49.117377],[-122.925438,49.117901],[-122.925861,49.118339],[-122.926296,49.11879],[-122.926626,49.119227],[-122.926664,49.119306],[-122.92709,49.120077],[-122.927203,49.120336],[-122.927458,49.121057],[-122.927732,49.122695],[-122.927901,49.124533],[-122.927912,49.124665],[-122.928074,49.127799],[-122.92817,49.129154],[-122.928242,49.130233],[-122.928339,49.131262],[-122.928451,49.132846],[-122.928533,49.133445],[-122.928656,49.1339],[-122.928679,49.133976],[-122.928715,49.134065],[-122.928815,49.134285],[-122.929136,49.134821],[-122.929757,49.135506],[-122.93054,49.136326],[-122.93102,49.136827],[-122.932119,49.138053],[-122.934402,49.140442],[-122.934648,49.140772],[-122.934977,49.141259],[-122.935186,49.141667],[-122.93608,49.143715],[-122.93784,49.148002],[-122.938054,49.148516],[-122.938123,49.148662],[-122.940999,49.155611],[-122.943792,49.162636],[-122.94535,49.166155],[-122.945766,49.166882],[-122.946317,49.167531],[-122.946738,49.167958],[-122.947226,49.168349],[-122.947472,49.168527],[-122.94948,49.16979],[-122.95056,49.170506],[-122.951576,49.171161],[-122.952835,49.171977],[-122.953413,49.172337],[-122.953743,49.172564],[-122.954013,49.172793],[-122.954254,49.173051],[-122.95445,49.173317],[-122.95456,49.173572],[-122.954647,49.173736],[-122.95477,49.174157],[-122.954846,49.174532],[-122.954877,49.174752],[-122.954976,49.175189],[-122.955057,49.175445],[-122.955218,49.17579],[-122.9554,49.176053],[-122.955657,49.176314],[-122.955936,49.17653],[-122.95631,49.17675],[-122.956766,49.176993],[-122.957235,49.177141],[-122.957536,49.177211],[-122.958106,49.177301],[-122.958839,49.177403],[-122.95927,49.177464],[-122.959727,49.177558],[-122.960197,49.177704],[-122.960589,49.177874],[-122.960951,49.17809],[-122.961271,49.178341],[-122.961533,49.178626],[-122.96171,49.178911],[-122.961836,49.179233],[-122.961925,49.179703],[-122.961878,49.180295],[-122.961617,49.180982],[-122.961377,49.181334],[-122.961084,49.181654],[-122.960735,49.181931],[-122.960232,49.182262],[-122.959615,49.182589],[-122.959045,49.182795],[-122.958421,49.18297],[-122.957494,49.18317],[-122.956879,49.183301],[-122.955763,49.183539],[-122.954891,49.183751],[-122.954262,49.183946],[-122.953458,49.184239],[-122.953135,49.184379],[-122.952771,49.184557],[-122.952398,49.184739],[-122.952007,49.184965],[-122.951633,49.185208],[-122.951203,49.185439],[-122.949676,49.186542],[-122.949113,49.186935],[-122.948143,49.187429],[-122.948039,49.187495],[-122.947869,49.187602],[-122.947578,49.187805],[-122.947222,49.188071],[-122.946709,49.188399],[-122.946246,49.1886],[-122.945617,49.188801],[-122.945098,49.188971],[-122.944142,49.189308],[-122.943639,49.189559],[-122.943201,49.189857],[-122.942985,49.190031],[-122.942896,49.190208],[-122.942833,49.190289],[-122.94272,49.190427],[-122.942623,49.19057],[-122.942588,49.190649],[-122.942497,49.190872],[-122.942437,49.191135],[-122.942427,49.191415],[-122.942451,49.191603],[-122.942587,49.191992],[-122.942706,49.192183],[-122.942938,49.192476],[-122.943207,49.192761],[-122.948025,49.197258],[-122.949131,49.19827],[-122.949319,49.198568],[-122.949339,49.198754],[-122.949292,49.198915],[-122.949151,49.199091],[-122.948956,49.199238],[-122.948509,49.199427],[-122.945603,49.199995],[-122.945429,49.200029],[-122.945195,49.200077],[-122.945485,49.200553],[-122.945707,49.200784],[-122.945868,49.200846],[-122.946025,49.200986],[-122.946416,49.201303],[-122.946747,49.201561],[-122.946841,49.201635],[-122.947555,49.202201],[-122.947975,49.202532],[-122.948335,49.202848],[-122.948799,49.203219],[-122.949146,49.203495],[-122.949265,49.20359],[-122.949478,49.203759],[-122.94956,49.203824],[-122.949707,49.203941],[-122.949928,49.204117],[-122.950185,49.204322],[-122.950314,49.204425],[-122.950373,49.204472],[-122.950641,49.204684],[-122.950726,49.204753],[-122.951106,49.205056],[-122.95155,49.205419],[-122.95184,49.20564],[-122.951929,49.20573],[-122.952033,49.205809],[-122.952098,49.205862],[-122.9524,49.206162],[-122.952709,49.206538],[-122.952906,49.207048],[-122.952951,49.208653],[-122.953055,49.209034],[-122.953284,49.209415],[-122.953719,49.209855],[-122.953976,49.210032],[-122.954914,49.210655],[-122.955581,49.211183],[-122.955622,49.211216],[-122.956532,49.212141],[-122.956936,49.212469],[-122.957279,49.21275],[-122.957644,49.213039],[-122.957725,49.213103],[-122.957811,49.213169],[-122.958555,49.213789],[-122.959004,49.214116],[-122.95978,49.214699],[-122.960026,49.214897],[-122.960283,49.21512],[-122.96054,49.215346],[-122.960769,49.215647],[-122.960932,49.216199],[-122.960933,49.216742],[-122.960933,49.216836],[-122.960934,49.21718],[-122.960934,49.217997],[-122.960934,49.218409],[-122.960985,49.218446],[-122.961523,49.218442],[-122.96401,49.218421],[-122.964144,49.218421],[-122.964776,49.218418],[-122.96487,49.218473],[-122.965542,49.218587],[-122.96768,49.219046],[-122.967766,49.219064],[-122.968105,49.219135],[-122.968231,49.219158],[-122.968328,49.219137],[-122.970828,49.219664],[-122.972016,49.219925],[-122.972749,49.220088],[-122.972934,49.220131],[-122.973267,49.220209],[-122.973487,49.220261],[-122.97476,49.220561],[-122.97612,49.220919],[-122.976307,49.220978],[-122.977555,49.221373],[-122.978726,49.221734],[-122.978895,49.221786],[-122.979039,49.221832],[-122.97944,49.22196],[-122.98023,49.222218],[-122.980748,49.222373],[-122.981035,49.222475],[-122.982427,49.222912],[-122.983062,49.223118],[-122.984274,49.223514],[-122.984385,49.22355],[-122.98524,49.223823],[-122.985847,49.224016],[-122.986198,49.224128],[-122.986761,49.224308],[-122.987778,49.224632],[-122.988915,49.224995],[-122.990156,49.225399],[-122.990325,49.225452],[-122.991574,49.225862],[-122.991883,49.226009],[-122.994023,49.226722],[-122.994157,49.226767],[-122.994317,49.226823],[-122.994726,49.226953],[-122.995095,49.227079],[-122.996222,49.227448],[-122.996398,49.227509],[-122.996616,49.227578],[-122.997697,49.227916],[-122.998467,49.228155],[-122.999264,49.22842],[-123.001163,49.229077],[-123.002137,49.229391],[-123.002418,49.229485],[-123.002573,49.229531],[-123.002712,49.229579],[-123.002864,49.229634],[-123.004586,49.230195],[-123.004719,49.230237],[-123.004854,49.230281],[-123.00504,49.23034],[-123.006236,49.230737],[-123.007286,49.231086],[-123.007635,49.231146],[-123.007799,49.231204],[-123.00849,49.231421],[-123.009517,49.231766],[-123.009804,49.231862],[-123.010789,49.232181],[-123.011386,49.232348],[-123.012504,49.232597],[-123.012657,49.23264],[-123.01277,49.232665],[-123.01299,49.232713],[-123.013497,49.232774],[-123.014038,49.232811],[-123.014219,49.232817],[-123.014939,49.232847],[-123.01568,49.232837],[-123.01573,49.232833],[-123.015827,49.232827],[-123.017018,49.232772],[-123.018704,49.232629],[-123.019,49.232609],[-123.019322,49.232586],[-123.019547,49.232572],[-123.020204,49.232529],[-123.020505,49.232553],[-123.020658,49.232544],[-123.020753,49.232539],[-123.020851,49.232532],[-123.021364,49.23251],[-123.022006,49.232467],[-123.022828,49.232415],[-123.023245,49.232394],[-123.023279,49.232392],[-123.023391,49.232387],[-123.023587,49.232377],[-123.0237,49.232371],[-123.024816,49.232308],[-123.025515,49.232261],[-123.02591,49.232246],[-123.026477,49.232226],[-123.028135,49.232137],[-123.029267,49.232086],[-123.029773,49.232063],[-123.030285,49.232039],[-123.030596,49.232039],[-123.030942,49.232059],[-123.031113,49.232068],[-123.031391,49.232116],[-123.03178,49.232199],[-123.032127,49.232314],[-123.032458,49.232446],[-123.033171,49.23282],[-123.033979,49.233237],[-123.035698,49.234119],[-123.035725,49.234132],[-123.035808,49.234175],[-123.035903,49.234223],[-123.035963,49.234253],[-123.036811,49.234694],[-123.037787,49.235084],[-123.037902,49.235129],[-123.038672,49.235428],[-123.039067,49.235566],[-123.039492,49.235678],[-123.039894,49.23576],[-123.040335,49.235817],[-123.040714,49.235857],[-123.041252,49.235913],[-123.042148,49.235987],[-123.042245,49.235995],[-123.042492,49.236015],[-123.044213,49.236156],[-123.045004,49.236252],[-123.04549,49.236368],[-123.045806,49.236477],[-123.046653,49.236765],[-123.047578,49.237108],[-123.048052,49.237308],[-123.04868,49.237597],[-123.048824,49.237665],[-123.048911,49.237706],[-123.049566,49.238004],[-123.049965,49.238185],[-123.050156,49.238272],[-123.051567,49.238928],[-123.051877,49.239071],[-123.051983,49.239118],[-123.052097,49.239178],[-123.052517,49.239371],[-123.053211,49.239715],[-123.053846,49.240006],[-123.053881,49.240019],[-123.053986,49.240071],[-123.054099,49.240122],[-123.054606,49.240352],[-123.054907,49.240486],[-123.056381,49.24115],[-123.056909,49.241406],[-123.057442,49.241652],[-123.057864,49.241848],[-123.058001,49.241912],[-123.058129,49.241966],[-123.059102,49.242402],[-123.060706,49.243106],[-123.061365,49.243405],[-123.061764,49.243606],[-123.063658,49.244517],[-123.06429,49.244834],[-123.064547,49.244958],[-123.064956,49.245155],[-123.065169,49.245258],[-123.06586,49.245548],[-123.066504,49.245845],[-123.067217,49.246171],[-123.067825,49.24645],[-123.068617,49.246831],[-123.068679,49.246859],[-123.068757,49.246894],[-123.068923,49.246974],[-123.069935,49.247441],[-123.071294,49.248086],[-123.072075,49.24845],[-123.072158,49.248488],[-123.072438,49.248616],[-123.073094,49.248913],[-123.073423,49.249055],[-123.073534,49.249102],[-123.075832,49.250053],[-123.075963,49.250112],[-123.07615,49.250215],[-123.076718,49.250513],[-123.077785,49.251124],[-123.078199,49.251332],[-123.079891,49.252117],[-123.081793,49.253018],[-123.083549,49.253838],[-123.083697,49.253909],[-123.085608,49.254807],[-123.087412,49.255639],[-123.08893,49.25637],[-123.089602,49.256683],[-123.089712,49.256732],[-123.089844,49.256792],[-123.08995,49.256839],[-123.090791,49.257215],[-123.090981,49.257288],[-123.091461,49.257418],[-123.091759,49.257467],[-123.092272,49.257554],[-123.092459,49.257597],[-123.092943,49.257772],[-123.093118,49.257858],[-123.094384,49.258574],[-123.095117,49.258992],[-123.095745,49.259367],[-123.096035,49.259545],[-123.096243,49.259701],[-123.096391,49.259835],[-123.09668,49.260093],[-123.097678,49.261077],[-123.098579,49.261981],[-123.099407,49.262844],[-123.100124,49.263678],[-123.100399,49.263987],[-123.100501,49.264096],[-123.10053,49.264165],[-123.100769,49.264467],[-123.100795,49.264602],[-123.100792,49.265324],[-123.100846,49.2655],[-123.100811,49.266402],[-123.100776,49.267312],[-123.100753,49.267897],[-123.100756,49.268221],[-123.100675,49.268299],[-123.100639,49.268914],[-123.100631,49.268991],[-123.100619,49.269111],[-123.100587,49.26967],[-123.100574,49.270065],[-123.100569,49.270142],[-123.100567,49.270195],[-123.100554,49.270485],[-123.100528,49.270705],[-123.100506,49.270895],[-123.100431,49.271092],[-123.10012,49.27164],[-123.100001,49.271913],[-123.09997,49.272067],[-123.099958,49.272618],[-123.09995,49.272708],[-123.099939,49.272868],[-123.099937,49.272949],[-123.099844,49.274791],[-123.099836,49.274922],[-123.099793,49.276019],[-123.099786,49.276767],[-123.099784,49.276926],[-123.099742,49.27756],[-123.099934,49.277557],[-123.099982,49.277557],[-123.100035,49.277554],[-123.100458,49.277544],[-123.102732,49.277454],[-123.103601,49.277455],[-123.103773,49.277447],[-123.104121,49.277448],[-123.104773,49.277481],[-123.105321,49.277525],[-123.106161,49.27765],[-123.106683,49.277756],[-123.107398,49.27797],[-123.108146,49.278295],[-123.108583,49.278535],[-123.108955,49.278769],[-123.10982,49.279343],[-123.109944,49.279423],[-123.11003,49.279479],[-123.110452,49.279792],[-123.110548,49.279855],[-123.110644,49.279917],[-123.110765,49.279991],[-123.111534,49.280465],[-123.112511,49.281096],[-123.112996,49.280769],[-123.113885,49.280182],[-123.114219,49.279973],[-123.115198,49.28058],[-123.115678,49.280907],[-123.116154,49.281222],[-123.116652,49.281543],[-123.117039,49.281794],[-123.117135,49.281856],[-123.117214,49.281907],[-123.118051,49.282435],[-123.118117,49.282479],[-123.11821,49.28254],[-123.119039,49.28308],[-123.119115,49.283129],[-123.119205,49.283188],[-123.119602,49.283446],[-123.120005,49.283708],[-123.120036,49.283729],[-123.120095,49.283764],[-123.120013,49.283819]]","342096.8"
"5","1","5","0","2018-08-16T15:41Z","2018-08-16T15:41Z","0","0","47.499914","-122.301647","47.476803","-122.259781","47.499914","-122.301647","49.283819","-123.120013","0","0","[[-122.301647,47.499914],[-122.30143,47.500063],[-122.301179,47.500151],[-122.301034,47.50018],[-122.300872,47.500189],[-122.300631,47.500175],[-122.2994,47.500005],[-122.299249,47.499963],[-122.299102,47.499899],[-122.298771,47.499719],[-122.298242,47.499406],[-122.297969,47.499254],[-122.297543,47.498942],[-122.297505,47.498892],[-122.297049,47.498257],[-122.296825,47.497978],[-122.296692,47.497874],[-122.296572,47.497794],[-122.296445,47.497737],[-122.296305,47.497693],[-122.295972,47.497646],[-122.295815,47.497633],[-122.295295,47.497608],[-122.294931,47.497529],[-122.294082,47.497363],[-122.292863,47.49721],[-122.292186,47.49713],[-122.2915,47.497142],[-122.291022,47.497168],[-122.288749,47.497396],[-122.287848,47.497408],[-122.287301,47.497364],[-122.28694,47.497317],[-122.28633,47.497201],[-122.285605,47.497024],[-122.284998,47.496778],[-122.284434,47.496511],[-122.283872,47.496175],[-122.283313,47.495748],[-122.2828,47.495098],[-122.282515,47.494559],[-122.282378,47.49411],[-122.282295,47.493741],[-122.281814,47.490857],[-122.281698,47.490504],[-122.281342,47.4898],[-122.281091,47.489489],[-122.28087,47.489256],[-122.28072,47.489114],[-122.280508,47.488931],[-122.280118,47.488643],[-122.279039,47.487919],[-122.278661,47.487617],[-122.278206,47.487223],[-122.277839,47.486809],[-122.277752,47.486677],[-122.277631,47.486344],[-122.277561,47.485754],[-122.27753,47.485648],[-122.277423,47.485445],[-122.277283,47.485274],[-122.276963,47.484927],[-122.276778,47.485],[-122.276546,47.485112],[-122.276455,47.485168],[-122.276252,47.485292],[-122.275994,47.485466],[-122.27576,47.485629],[-122.275254,47.48598],[-122.274921,47.486211],[-122.274445,47.485908],[-122.274139,47.485712],[-122.273856,47.48555],[-122.273588,47.485396],[-122.273461,47.485324],[-122.272932,47.485033],[-122.272734,47.484921],[-122.272433,47.484753],[-122.272289,47.484673],[-122.271762,47.484378],[-122.271332,47.484129],[-122.270971,47.483928],[-122.270133,47.483426],[-122.269618,47.483132],[-122.269539,47.483088],[-122.269327,47.482964],[-122.269082,47.482819],[-122.268931,47.48273],[-122.268367,47.482397],[-122.268219,47.482311],[-122.26772,47.482017],[-122.267286,47.481761],[-122.267063,47.48163],[-122.266524,47.481312],[-122.265953,47.480938],[-122.265735,47.480796],[-122.265015,47.480303],[-122.26523,47.480163],[-122.263655,47.479059],[-122.263419,47.479212],[-122.262824,47.478805],[-122.262616,47.478667],[-122.262497,47.478589],[-122.262162,47.478367],[-122.261875,47.478177],[-122.26152,47.477942],[-122.261253,47.477767],[-122.260909,47.477541],[-122.260283,47.477132],[-122.260215,47.477087],[-122.260115,47.477022],[-122.259781,47.476803],[-122.260215,47.477087],[-122.260283,47.477132],[-122.260909,47.477541],[-122.261253,47.477767],[-122.26152,47.477942],[-122.261875,47.478177],[-122.262162,47.478367],[-122.262497,47.478589],[-122.262616,47.478667],[-122.262824,47.478805],[-122.263419,47.479212],[-122.263989,47.479602],[-122.265015,47.480303],[-122.265735,47.480796],[-122.265953,47.480938],[-122.266524,47.481312],[-122.267063,47.48163],[-122.267286,47.481761],[-122.26772,47.482017],[-122.268219,47.482311],[-122.268367,47.482397],[-122.268931,47.48273],[-122.269082,47.482819],[-122.269327,47.482964],[-122.269402,47.483057],[-122.269488,47.483261],[-122.269508,47.483366],[-122.269262,47.483888],[-122.269144,47.484242],[-122.268936,47.484602],[-122.268739,47.484831],[-122.268682,47.484887],[-122.268112,47.485355],[-122.267434,47.486034],[-122.265747,47.487345],[-122.265203,47.487855],[-122.264864,47.48823],[-122.264634,47.488582],[-122.264425,47.488992],[-122.264327,47.489299],[-122.264271,47.489572],[-122.26424,47.489901],[-122.264238,47.490266],[-122.264295,47.490613],[-122.264408,47.490964],[-122.264565,47.491295],[-122.264794,47.491631],[-122.264985,47.491886],[-122.265266,47.4922],[-122.265781,47.492675],[-122.271467,47.497366],[-122.272531,47.498338],[-122.273718,47.49948],[-122.27429,47.50022],[-122.274974,47.500926],[-122.277311,47.503184],[-122.277672,47.503664],[-122.277811,47.503859],[-122.27799,47.504277],[-122.278077,47.504458],[-122.278174,47.504753],[-122.27824,47.505136],[-122.278266,47.50575],[-122.27824,47.506898],[-122.27825,47.507157],[-122.278267,47.507602],[-122.27826,47.50802],[-122.278276,47.509683],[-122.278277,47.509842],[-122.278421,47.511465],[-122.278591,47.512852],[-122.278685,47.513496],[-122.278711,47.513723],[-122.278787,47.514418],[-122.278841,47.514906],[-122.2789,47.515447],[-122.279039,47.51632],[-122.279097,47.51661],[-122.279117,47.516712],[-122.279186,47.517063],[-122.279213,47.517163],[-122.279397,47.51788],[-122.279495,47.518258],[-122.279547,47.518467],[-122.279756,47.519397],[-122.279811,47.519918],[-122.279795,47.520218],[-122.279746,47.520584],[-122.27957,47.521294],[-122.279479,47.521605],[-122.279372,47.521973],[-122.279281,47.522256],[-122.279149,47.522702],[-122.279027,47.523118],[-122.278984,47.523264],[-122.278927,47.523544],[-122.278876,47.523824],[-122.278802,47.524155],[-122.278774,47.524272],[-122.278713,47.524648],[-122.278705,47.524932],[-122.278731,47.525225],[-122.278801,47.52557],[-122.278813,47.525602],[-122.278857,47.525725],[-122.279061,47.526124],[-122.279924,47.527774],[-122.279981,47.527879],[-122.280094,47.5281],[-122.280229,47.528375],[-122.280333,47.528613],[-122.28044,47.528958],[-122.280492,47.529207],[-122.28054,47.529566],[-122.280556,47.529821],[-122.280564,47.529962],[-122.280574,47.530837],[-122.280575,47.531033],[-122.280579,47.531537],[-122.28059,47.531939],[-122.280601,47.532165],[-122.280601,47.53252],[-122.280609,47.53275],[-122.280613,47.532926],[-122.280627,47.533394],[-122.280632,47.533469],[-122.280637,47.533666],[-122.280641,47.534068],[-122.280648,47.53482],[-122.280651,47.53509],[-122.280651,47.53516],[-122.280653,47.53529],[-122.280651,47.535449],[-122.280649,47.535563],[-122.280657,47.535907],[-122.280658,47.535927],[-122.280664,47.536022],[-122.28067,47.536111],[-122.280736,47.536462],[-122.280898,47.536934],[-122.280947,47.537053],[-122.28102,47.537231],[-122.281086,47.537366],[-122.281409,47.538022],[-122.281599,47.538394],[-122.281644,47.538492],[-122.28179,47.538768],[-122.281858,47.538897],[-122.282002,47.539157],[-122.282836,47.540659],[-122.282894,47.540761],[-122.283688,47.542474],[-122.283886,47.542867],[-122.284048,47.543188],[-122.284402,47.54389],[-122.284515,47.544113],[-122.284686,47.544454],[-122.284774,47.544627],[-122.284954,47.545027],[-122.285085,47.545317],[-122.285183,47.545513],[-122.285451,47.546048],[-122.285593,47.546335],[-122.285955,47.54707],[-122.286106,47.547376],[-122.286457,47.548104],[-122.286499,47.548195],[-122.286607,47.548424],[-122.286854,47.548972],[-122.287238,47.549779],[-122.287473,47.550269],[-122.287657,47.550652],[-122.287678,47.550697],[-122.287933,47.551226],[-122.288003,47.551371],[-122.288101,47.551558],[-122.288209,47.55177],[-122.288312,47.551975],[-122.288675,47.552714],[-122.288811,47.552991],[-122.289037,47.553451],[-122.289405,47.554251],[-122.289561,47.554591],[-122.289638,47.554762],[-122.289835,47.555195],[-122.289907,47.555347],[-122.290213,47.555948],[-122.290792,47.556908],[-122.290878,47.55705],[-122.29101,47.557274],[-122.291362,47.557868],[-122.291554,47.558174],[-122.291603,47.558254],[-122.291784,47.558551],[-122.291863,47.558684],[-122.291931,47.558799],[-122.292252,47.559332],[-122.292852,47.560272],[-122.29311,47.560677],[-122.293198,47.560816],[-122.293284,47.560949],[-122.293471,47.561239],[-122.293528,47.561325],[-122.293922,47.561932],[-122.294465,47.562771],[-122.294505,47.562827],[-122.294571,47.56293],[-122.294615,47.562996],[-122.295147,47.563769],[-122.295202,47.56386],[-122.29561,47.564507],[-122.296059,47.565202],[-122.296325,47.565629],[-122.296459,47.565843],[-122.296531,47.565957],[-122.296639,47.566169],[-122.296686,47.566291],[-122.296723,47.566385],[-122.296827,47.566799],[-122.296846,47.567029],[-122.296847,47.567162],[-122.296823,47.567896],[-122.296815,47.568135],[-122.296795,47.570539],[-122.296755,47.571211],[-122.296744,47.571391],[-122.296739,47.571866],[-122.296736,47.572016],[-122.296737,47.572103],[-122.296741,47.572341],[-122.296744,47.572445],[-122.296733,47.573294],[-122.296707,47.574228],[-122.296696,47.5746],[-122.29671,47.575094],[-122.29672,47.575376],[-122.296726,47.575539],[-122.296775,47.575701],[-122.296773,47.57574],[-122.296751,47.575917],[-122.296719,47.576056],[-122.296649,47.576258],[-122.296598,47.576364],[-122.296808,47.576628],[-122.296864,47.576698],[-122.297002,47.576872],[-122.297086,47.576978],[-122.297177,47.577092],[-122.297242,47.577174],[-122.297254,47.57719],[-122.297445,47.577431],[-122.297468,47.577459],[-122.297545,47.577556],[-122.297719,47.577791],[-122.297845,47.577961],[-122.298034,47.578216],[-122.298129,47.578346],[-122.298429,47.578738],[-122.298531,47.578871],[-122.298669,47.579051],[-122.298735,47.579137],[-122.299041,47.579537],[-122.299169,47.579705],[-122.299217,47.579768],[-122.299341,47.579928],[-122.299438,47.580057],[-122.299471,47.5801],[-122.299604,47.580274],[-122.299998,47.580788],[-122.30017,47.581013],[-122.300355,47.581273],[-122.300442,47.581411],[-122.300507,47.5815],[-122.300961,47.582065],[-122.301097,47.582234],[-122.301533,47.582776],[-122.301614,47.582884],[-122.301706,47.583003],[-122.301819,47.583151],[-122.30221,47.583648],[-122.302296,47.583765],[-122.302344,47.58383],[-122.302709,47.584326],[-122.302853,47.58452],[-122.302951,47.584652],[-122.302949,47.58484],[-122.302943,47.585207],[-122.30294,47.585418],[-122.302939,47.585493],[-122.302936,47.585573],[-122.302926,47.585908],[-122.302913,47.586323],[-122.302892,47.586401],[-122.302853,47.58653],[-122.302842,47.586559],[-122.302696,47.586924],[-122.302651,47.587066],[-122.302627,47.587203],[-122.302591,47.588367],[-122.302587,47.588453],[-122.302553,47.588777],[-122.302268,47.58962],[-122.302179,47.590115],[-122.302168,47.590726],[-122.302195,47.590987],[-122.302292,47.59137],[-122.302465,47.591821],[-122.30249,47.591883],[-122.302522,47.591959],[-122.302662,47.592397],[-122.302666,47.5925],[-122.302598,47.592764],[-122.302517,47.592922],[-122.302437,47.593085],[-122.302306,47.593312],[-122.302259,47.593464],[-122.302219,47.593823],[-122.302232,47.594573],[-122.302242,47.595501],[-122.302243,47.595573],[-122.302242,47.595644],[-122.302233,47.596479],[-122.302234,47.596751],[-122.302237,47.597818],[-122.302237,47.597878],[-122.302243,47.59835],[-122.30223,47.598969],[-122.302229,47.599029],[-122.302223,47.599274],[-122.302228,47.599671],[-122.30223,47.599795],[-122.302236,47.600309],[-122.302238,47.60112],[-122.302238,47.601145],[-122.302257,47.601445],[-122.302296,47.601579],[-122.302321,47.601662],[-122.302357,47.601769],[-122.302428,47.602039],[-122.302428,47.602064],[-122.302427,47.602242],[-122.302427,47.602361],[-122.302427,47.602611],[-122.302426,47.602676],[-122.302427,47.602729],[-122.302435,47.6032],[-122.302439,47.603454],[-122.30244,47.60351],[-122.302441,47.60357],[-122.302446,47.604268],[-122.302446,47.604338],[-122.30245,47.604407],[-122.302497,47.60469],[-122.302636,47.605095],[-122.302655,47.60515],[-122.302668,47.605192],[-122.30268,47.605229],[-122.302723,47.60536],[-122.302772,47.605567],[-122.302785,47.605894],[-122.302785,47.606168],[-122.302788,47.606257],[-122.30279,47.606435],[-122.302793,47.60689],[-122.302789,47.60754],[-122.302788,47.607711],[-122.302787,47.607932],[-122.302786,47.608017],[-122.302773,47.609023],[-122.302753,47.610013],[-122.302727,47.611574],[-122.302719,47.612082],[-122.302714,47.612227],[-122.302704,47.612942],[-122.302698,47.613297],[-122.302686,47.614012],[-122.302683,47.614165],[-122.302655,47.614815],[-122.302636,47.615248],[-122.302634,47.615305],[-122.302631,47.615385],[-122.302597,47.616473],[-122.302575,47.617113],[-122.302574,47.617255],[-122.302563,47.618936],[-122.302552,47.61909],[-122.302545,47.619184],[-122.302542,47.61934],[-122.302522,47.620215],[-122.302514,47.620603],[-122.302502,47.621132],[-122.302496,47.621377],[-122.30248,47.622159],[-122.30247,47.622662],[-122.302463,47.622984],[-122.302459,47.623172],[-122.302455,47.623412],[-122.302439,47.624402],[-122.30243,47.624961],[-122.302426,47.625209],[-122.302424,47.625336],[-122.30242,47.625581],[-122.302414,47.625938],[-122.302408,47.626311],[-122.302404,47.626582],[-122.302402,47.626694],[-122.3024,47.626822],[-122.302396,47.627065],[-122.302393,47.627254],[-122.30237,47.627391],[-122.30235,47.627437],[-122.302308,47.627508],[-122.302242,47.627586],[-122.30204,47.627812],[-122.301834,47.628052],[-122.301777,47.62813],[-122.301749,47.628181],[-122.301725,47.628239],[-122.3017,47.628416],[-122.30169,47.629021],[-122.301685,47.629269],[-122.301681,47.629507],[-122.301668,47.630268],[-122.301651,47.631289],[-122.301635,47.63223],[-122.301634,47.63229],[-122.301632,47.632354],[-122.301631,47.632431],[-122.301629,47.632569],[-122.301624,47.632816],[-122.301608,47.633613],[-122.301598,47.634146],[-122.301594,47.63437],[-122.30159,47.634587],[-122.301586,47.634797],[-122.301581,47.635043],[-122.301578,47.635185],[-122.301577,47.635254],[-122.301575,47.635349],[-122.30156,47.636227],[-122.301545,47.637071],[-122.301535,47.63769],[-122.301537,47.637891],[-122.301542,47.637924],[-122.301556,47.637985],[-122.301588,47.638085],[-122.301663,47.638324],[-122.301797,47.638714],[-122.301925,47.639117],[-122.302049,47.639452],[-122.302068,47.639528],[-122.302079,47.639587],[-122.302087,47.640134],[-122.302088,47.64026],[-122.302084,47.640658],[-122.302083,47.640727],[-122.302081,47.640983],[-122.302077,47.641715],[-122.302072,47.642213],[-122.302115,47.642396],[-122.302148,47.642454],[-122.302195,47.642514],[-122.302252,47.64257],[-122.30283,47.642995],[-122.302872,47.643026],[-122.302898,47.643067],[-122.302916,47.643096],[-122.30304,47.643182],[-122.303279,47.64335],[-122.30372,47.643658],[-122.303792,47.643722],[-122.303995,47.643933],[-122.304025,47.643972],[-122.304068,47.644027],[-122.304098,47.644075],[-122.304269,47.644313],[-122.30435,47.644455],[-122.304377,47.644501],[-122.304424,47.644582],[-122.304451,47.644655],[-122.304469,47.644706],[-122.304514,47.645092],[-122.304513,47.645327],[-122.304512,47.645557],[-122.30451,47.645897],[-122.304509,47.645969],[-122.304507,47.646268],[-122.304509,47.646322],[-122.304526,47.646409],[-122.304561,47.64655],[-122.304585,47.646666],[-122.304629,47.646777],[-122.304625,47.646904],[-122.304614,47.647689],[-122.304616,47.64781],[-122.304615,47.64803],[-122.304604,47.648538],[-122.304583,47.649018],[-122.304572,47.649204],[-122.304545,47.649514],[-122.304476,47.64976],[-122.304409,47.649978],[-122.304347,47.650155],[-122.304178,47.650556],[-122.304126,47.650645],[-122.303959,47.650953],[-122.303886,47.651066],[-122.303619,47.651562],[-122.303489,47.651803],[-122.303318,47.652138],[-122.303143,47.652405],[-122.303036,47.652682],[-122.302983,47.652829],[-122.302573,47.654202],[-122.302323,47.655037],[-122.302151,47.655648],[-122.302111,47.655805],[-122.302121,47.656011],[-122.302087,47.65612],[-122.301999,47.656399],[-122.301842,47.656893],[-122.301425,47.658325],[-122.300996,47.659056],[-122.30099,47.659399],[-122.300951,47.659655],[-122.30093,47.659825],[-122.300901,47.660064],[-122.300947,47.660224],[-122.300926,47.66039],[-122.300912,47.660497],[-122.300908,47.660606],[-122.300907,47.660616],[-122.300903,47.660947],[-122.300892,47.661383],[-122.30089,47.661811],[-122.300892,47.662058],[-122.300894,47.662447],[-122.300894,47.662516],[-122.300895,47.662589],[-122.300897,47.662856],[-122.300899,47.663083],[-122.300899,47.663153],[-122.300899,47.663181],[-122.300899,47.663207],[-122.3009,47.663292],[-122.3009,47.663379],[-122.300901,47.663566],[-122.300901,47.663639],[-122.300902,47.663699],[-122.300902,47.663779],[-122.300904,47.664096],[-122.300905,47.664289],[-122.300905,47.664348],[-122.300906,47.664415],[-122.300903,47.664466],[-122.3009,47.664504],[-122.300898,47.664549],[-122.300893,47.664621],[-122.300874,47.664759],[-122.300865,47.664787],[-122.30085,47.664848],[-122.300829,47.664925],[-122.300824,47.664945],[-122.300691,47.665454],[-122.300676,47.665547],[-122.300656,47.665668],[-122.300645,47.665734],[-122.300619,47.665889],[-122.300616,47.665909],[-122.300612,47.666001],[-122.300611,47.66606],[-122.300606,47.666177],[-122.300605,47.666275],[-122.300606,47.666388],[-122.300606,47.666479],[-122.300607,47.666569],[-122.300607,47.66664],[-122.300609,47.666817],[-122.30061,47.66699],[-122.300612,47.66734],[-122.300613,47.667541],[-122.300615,47.667784],[-122.300616,47.667925],[-122.300617,47.667992],[-122.300617,47.668149],[-122.300617,47.668162],[-122.300618,47.668275],[-122.300618,47.668381],[-122.300619,47.668534],[-122.300618,47.668724],[-122.300618,47.668773],[-122.300617,47.669082],[-122.300612,47.669998],[-122.300627,47.670921],[-122.300643,47.671876],[-122.300647,47.672155],[-122.300648,47.672444],[-122.300653,47.673816],[-122.300664,47.675784],[-122.300661,47.675924],[-122.300659,47.67607],[-122.300658,47.676139],[-122.300657,47.676226],[-122.300656,47.676277],[-122.300655,47.676301],[-122.30065,47.676674],[-122.300635,47.677602],[-122.300677,47.679405],[-122.300701,47.682029],[-122.300732,47.682628],[-122.300741,47.68281],[-122.300754,47.683057],[-122.300755,47.683202],[-122.300755,47.683264],[-122.300755,47.683559],[-122.300759,47.683942],[-122.300757,47.684067],[-122.300764,47.684864],[-122.300789,47.686124],[-122.300793,47.686334],[-122.300827,47.686547],[-122.300874,47.68667],[-122.301389,47.687412],[-122.301456,47.687509],[-122.301511,47.687599],[-122.301575,47.687703],[-122.301631,47.687833],[-122.301699,47.68817],[-122.301685,47.688443],[-122.301679,47.688505],[-122.301656,47.688612],[-122.301486,47.689471],[-122.301471,47.689593],[-122.301507,47.689829],[-122.301566,47.689971],[-122.301692,47.690264],[-122.30205,47.691191],[-122.302081,47.69127],[-122.302097,47.69131],[-122.30277,47.693012],[-122.302889,47.693275],[-122.303042,47.693481],[-122.303106,47.693545],[-122.303176,47.693605],[-122.30358,47.693916],[-122.303628,47.693953],[-122.303729,47.694031],[-122.304492,47.69462],[-122.305014,47.695023],[-122.305106,47.695119],[-122.305174,47.695224],[-122.305337,47.69562],[-122.30539,47.695748],[-122.305433,47.695824],[-122.305476,47.695887],[-122.305562,47.696067],[-122.305708,47.696387],[-122.305763,47.696509],[-122.305747,47.69669],[-122.30568,47.69705],[-122.305566,47.697405],[-122.305492,47.697579],[-122.305437,47.697691],[-122.305268,47.697987],[-122.305184,47.698111],[-122.305172,47.698129],[-122.304956,47.698407],[-122.303582,47.70001],[-122.30335,47.700283],[-122.303172,47.700491],[-122.303002,47.700689],[-122.302897,47.700812],[-122.302814,47.700909],[-122.30263,47.701124],[-122.302587,47.701178],[-122.302193,47.701669],[-122.302101,47.701798],[-122.302018,47.70193],[-122.301942,47.702063],[-122.301854,47.702244],[-122.30179,47.702405],[-122.30178,47.702428],[-122.301722,47.702615],[-122.301679,47.702803],[-122.301651,47.702993],[-122.301638,47.703179],[-122.301639,47.703385],[-122.30164,47.703535],[-122.301641,47.70384],[-122.301642,47.70397],[-122.301643,47.704131],[-122.301644,47.704335],[-122.301645,47.704516],[-122.301646,47.704774],[-122.301647,47.705015],[-122.301646,47.705106],[-122.301649,47.705508],[-122.30165,47.705655],[-122.301651,47.705831],[-122.301649,47.706041],[-122.301656,47.706706],[-122.301648,47.706853],[-122.301646,47.7069],[-122.301638,47.706992],[-122.30163,47.707093],[-122.301616,47.707229],[-122.30161,47.707287],[-122.301517,47.707865],[-122.301477,47.708032],[-122.301429,47.708248],[-122.301378,47.708438],[-122.30133,47.708595],[-122.301317,47.708639],[-122.301286,47.708733],[-122.301251,47.708839],[-122.301224,47.708913],[-122.301179,47.709038],[-122.301161,47.709085],[-122.301113,47.709208],[-122.301077,47.709296],[-122.300874,47.709745],[-122.300825,47.709843],[-122.300804,47.709885],[-122.300741,47.710005],[-122.300692,47.710101],[-122.300655,47.710158],[-122.300577,47.710291],[-122.300495,47.710423],[-122.300346,47.710513],[-122.300162,47.710831],[-122.299988,47.711132],[-122.299913,47.711261],[-122.299746,47.71155],[-122.299624,47.711761],[-122.299508,47.711962],[-122.299449,47.712066],[-122.299406,47.712137],[-122.299359,47.712218],[-122.299246,47.712412],[-122.298836,47.713112],[-122.298754,47.713252],[-122.298651,47.713427],[-122.298462,47.713743],[-122.298488,47.713824],[-122.298256,47.714223],[-122.298049,47.714577],[-122.297952,47.714652],[-122.297932,47.714669],[-122.297708,47.715027],[-122.297661,47.715122],[-122.297688,47.715202],[-122.297666,47.715239],[-122.297624,47.715305],[-122.297611,47.715324],[-122.297418,47.715623],[-122.297353,47.715739],[-122.297206,47.716006],[-122.297176,47.716059],[-122.297075,47.716085],[-122.297016,47.7162],[-122.296988,47.716253],[-122.297031,47.716309],[-122.296973,47.716403],[-122.296954,47.716432],[-122.29669,47.716857],[-122.296344,47.717414],[-122.296181,47.717722],[-122.296014,47.717887],[-122.295633,47.718488],[-122.295362,47.718934],[-122.295218,47.719171],[-122.295235,47.71927],[-122.295175,47.719376],[-122.294982,47.719715],[-122.294871,47.719806],[-122.294671,47.720094],[-122.294571,47.720261],[-122.294428,47.720499],[-122.294423,47.720638],[-122.294369,47.720727],[-122.294293,47.720851],[-122.294157,47.721073],[-122.294144,47.721095],[-122.294117,47.721142],[-122.29403,47.721294],[-122.293995,47.721354],[-122.293967,47.721404],[-122.293876,47.721426],[-122.293519,47.722101],[-122.293567,47.722178],[-122.29353,47.722248],[-122.293462,47.722372],[-122.293333,47.722611],[-122.293264,47.722731],[-122.293224,47.722802],[-122.293181,47.722889],[-122.29316,47.722965],[-122.293021,47.723325],[-122.292983,47.723422],[-122.29287,47.723537],[-122.292819,47.723636],[-122.292634,47.724225],[-122.29267,47.724315],[-122.292624,47.724482],[-122.292563,47.7247],[-122.29256,47.724713],[-122.292502,47.72495],[-122.292492,47.724997],[-122.292464,47.725124],[-122.292447,47.725202],[-122.292426,47.725309],[-122.292405,47.725421],[-122.292399,47.725453],[-122.292384,47.725542],[-122.292357,47.725706],[-122.29234,47.72583],[-122.292323,47.725958],[-122.292295,47.726211],[-122.292274,47.726465],[-122.292262,47.726667],[-122.292256,47.726815],[-122.292254,47.726868],[-122.29225,47.72703],[-122.292251,47.727071],[-122.292251,47.72713],[-122.292252,47.727273],[-122.292272,47.728015],[-122.292272,47.728019],[-122.29228,47.728319],[-122.292296,47.728943],[-122.292302,47.72915],[-122.292311,47.729466],[-122.29232,47.729786],[-122.292324,47.729941],[-122.292329,47.730096],[-122.292343,47.73074],[-122.292345,47.730822],[-122.29235,47.731058],[-122.292369,47.731948],[-122.292371,47.732016],[-122.292374,47.73214],[-122.292379,47.732238],[-122.292388,47.732434],[-122.292402,47.732726],[-122.292404,47.732768],[-122.292415,47.733024],[-122.292422,47.733189],[-122.292425,47.733276],[-122.292436,47.733524],[-122.292446,47.73376],[-122.292456,47.733874],[-122.292457,47.73394],[-122.292463,47.734251],[-122.292469,47.734622],[-122.29247,47.734635],[-122.292477,47.734732],[-122.292414,47.734806],[-122.292417,47.73493],[-122.292416,47.73503],[-122.292416,47.735123],[-122.292408,47.735266],[-122.292392,47.735409],[-122.292386,47.735557],[-122.292458,47.735614],[-122.29241,47.735803],[-122.2924,47.735842],[-122.292352,47.735985],[-122.292319,47.736083],[-122.292253,47.736257],[-122.292207,47.736344],[-122.292177,47.736384],[-122.292056,47.736424],[-122.29205,47.736435],[-122.29201,47.7365],[-122.291773,47.736858],[-122.291665,47.736993],[-122.291635,47.737031],[-122.291522,47.737165],[-122.291066,47.737707],[-122.290935,47.737865],[-122.290913,47.737892],[-122.290357,47.73856],[-122.29008,47.738893],[-122.289936,47.739066],[-122.289674,47.739381],[-122.289595,47.739476],[-122.289457,47.739626],[-122.289356,47.739724],[-122.289204,47.739909],[-122.289125,47.740005],[-122.28872,47.740498],[-122.28827,47.741044],[-122.288132,47.741217],[-122.287792,47.741642],[-122.28775,47.741694],[-122.287513,47.74199],[-122.287503,47.742014],[-122.287385,47.742289],[-122.287374,47.742304],[-122.287023,47.742768],[-122.28687,47.743053],[-122.286652,47.7436],[-122.286597,47.743821],[-122.28646,47.744377],[-122.286413,47.74457],[-122.286396,47.744639],[-122.286064,47.746019],[-122.285823,47.746682],[-122.285656,47.747001],[-122.28509,47.747884],[-122.284868,47.748246],[-122.284793,47.748356],[-122.284684,47.748513],[-122.284647,47.748568],[-122.284207,47.749193],[-122.283289,47.750168],[-122.282349,47.750859],[-122.282141,47.751003],[-122.282029,47.751066],[-122.28147,47.751436],[-122.281297,47.751521],[-122.280831,47.751747],[-122.280267,47.752021],[-122.280534,47.75228],[-122.28064,47.752392],[-122.280657,47.752576],[-122.280658,47.75267],[-122.280659,47.752752],[-122.28066,47.752819],[-122.280684,47.755266],[-122.280686,47.75545],[-122.280687,47.755548],[-122.280689,47.75571],[-122.280648,47.75571],[-122.280083,47.755716],[-122.28008,47.755811],[-122.280082,47.755852],[-122.280125,47.755886],[-122.280055,47.755933],[-122.279961,47.755996],[-122.279903,47.756034],[-122.280546,47.756549],[-122.280643,47.756635],[-122.281001,47.756966],[-122.281342,47.757339],[-122.282917,47.759069],[-122.28347,47.759675],[-122.283716,47.759973],[-122.283836,47.760042],[-122.283888,47.760059],[-122.283909,47.760159],[-122.284984,47.761873],[-122.285188,47.762073],[-122.285265,47.762183],[-122.285284,47.762334],[-122.285258,47.762731],[-122.285257,47.763061],[-122.285436,47.763415],[-122.2855,47.763598],[-122.285522,47.763673],[-122.285531,47.763929],[-122.285516,47.764155],[-122.285298,47.76471],[-122.285243,47.764849],[-122.285182,47.765098],[-122.28517,47.765327],[-122.285157,47.765586],[-122.285118,47.765801],[-122.285029,47.765947],[-122.283845,47.76722],[-122.283792,47.767323],[-122.283784,47.767459],[-122.283814,47.767605],[-122.28392,47.767877],[-122.28421,47.768333],[-122.284907,47.768895],[-122.285017,47.769032],[-122.285372,47.769975],[-122.285696,47.770763],[-122.285829,47.77097],[-122.285854,47.771009],[-122.28631,47.771596],[-122.286712,47.772105],[-122.286825,47.772191],[-122.287554,47.772523],[-122.287868,47.772594],[-122.288088,47.772649],[-122.288268,47.772743],[-122.288433,47.772894],[-122.288667,47.773143],[-122.289628,47.774202],[-122.289797,47.774388],[-122.289795,47.774633],[-122.289868,47.774863],[-122.290235,47.77554],[-122.290314,47.775798],[-122.290296,47.776187],[-122.290186,47.776915],[-122.290092,47.777367],[-122.289868,47.778306],[-122.289836,47.77911],[-122.289799,47.779661],[-122.289788,47.780274],[-122.289862,47.781477],[-122.289934,47.781939],[-122.289948,47.781989],[-122.290294,47.783241],[-122.290631,47.78448],[-122.290734,47.78486],[-122.290863,47.785328],[-122.2912,47.786548],[-122.291655,47.788118],[-122.291841,47.788715],[-122.292033,47.789331],[-122.292145,47.789717],[-122.292206,47.790108],[-122.292243,47.790517],[-122.292239,47.791284],[-122.292241,47.791474],[-122.292245,47.791895],[-122.292256,47.79231],[-122.292263,47.792569],[-122.292268,47.792937],[-122.292275,47.793421],[-122.29228,47.793723],[-122.292273,47.794515],[-122.292288,47.795182],[-122.292285,47.796099],[-122.292288,47.796903],[-122.292288,47.796969],[-122.292289,47.797038],[-122.292296,47.797714],[-122.292323,47.798872],[-122.292323,47.799615],[-122.292323,47.799702],[-122.29233,47.80047],[-122.292327,47.800956],[-122.292323,47.801174],[-122.29232,47.801363],[-122.292309,47.801864],[-122.292308,47.80194],[-122.292308,47.802015],[-122.292311,47.802489],[-122.292313,47.80275],[-122.292314,47.80293],[-122.29232,47.803096],[-122.292345,47.803735],[-122.292348,47.804],[-122.292356,47.804535],[-122.292357,47.804614],[-122.292357,47.80471],[-122.29236,47.805424],[-122.292361,47.805738],[-122.292362,47.805881],[-122.292363,47.806314],[-122.292364,47.806446],[-122.292297,47.806567],[-122.292289,47.806967],[-122.292287,47.807119],[-122.292352,47.807209],[-122.292345,47.807394],[-122.292343,47.807558],[-122.292339,47.807935],[-122.292338,47.808135],[-122.292333,47.808889],[-122.292331,47.809126],[-122.292323,47.810215],[-122.29232,47.810513],[-122.292319,47.810616],[-122.292321,47.810721],[-122.292304,47.812271],[-122.292303,47.812393],[-122.292289,47.812967],[-122.292275,47.813526],[-122.292283,47.814724],[-122.292292,47.814967],[-122.292316,47.815561],[-122.29234,47.816188],[-122.29234,47.816215],[-122.292338,47.816549],[-122.292337,47.816778],[-122.292334,47.817181],[-122.292334,47.81732],[-122.292338,47.817462],[-122.292354,47.817908],[-122.292368,47.818324],[-122.292376,47.81855],[-122.292387,47.818902],[-122.292398,47.819216],[-122.292404,47.819385],[-122.2924,47.819649],[-122.292407,47.819965],[-122.292408,47.820309],[-122.292409,47.820416],[-122.292409,47.820501],[-122.29241,47.820806],[-122.292411,47.820941],[-122.29241,47.821112],[-122.292406,47.821529],[-122.292401,47.822045],[-122.292395,47.82274],[-122.292394,47.822809],[-122.292397,47.822927],[-122.292417,47.823963],[-122.292406,47.824588],[-122.2924,47.824903],[-122.292403,47.825448],[-122.292404,47.825731],[-122.292417,47.827132],[-122.292427,47.828148],[-122.292428,47.828251],[-122.29243,47.828338],[-122.292451,47.829312],[-122.292452,47.829522],[-122.292453,47.829594],[-122.292455,47.8298],[-122.292459,47.830302],[-122.29247,47.830857],[-122.292472,47.830936],[-122.292494,47.832036],[-122.292499,47.832341],[-122.292494,47.833079],[-122.292494,47.834024],[-122.292522,47.835549],[-122.292522,47.836038],[-122.292533,47.836561],[-122.29253,47.836691],[-122.292528,47.836912],[-122.292517,47.838299],[-122.292518,47.838386],[-122.29252,47.838715],[-122.292523,47.839159],[-122.29253,47.840061],[-122.292539,47.840722],[-122.292546,47.841006],[-122.29253,47.842242],[-122.292518,47.842805],[-122.29252,47.843022],[-122.292528,47.843653],[-122.292532,47.844017],[-122.292537,47.844431],[-122.292542,47.84493],[-122.292532,47.845665],[-122.292856,47.845664],[-122.293476,47.845661],[-122.29348,47.845982],[-122.293515,47.846039],[-122.29383,47.846105],[-122.294344,47.846212],[-122.294268,47.846367],[-122.29412,47.846413],[-122.294183,47.846583],[-122.294468,47.846542],[-122.294663,47.846514],[-122.294587,47.846706],[-122.294438,47.847083],[-122.294332,47.847349],[-122.294212,47.847651],[-122.2942,47.847681],[-122.294174,47.847762],[-122.294116,47.847941],[-122.293853,47.848616],[-122.29374,47.848928],[-122.293683,47.849087],[-122.293561,47.849427],[-122.293281,47.850206],[-122.293222,47.850339],[-122.292765,47.851366],[-122.292584,47.851781],[-122.292558,47.851841],[-122.292335,47.852299],[-122.292192,47.852595],[-122.291823,47.853357],[-122.291575,47.853697],[-122.291308,47.854061],[-122.291224,47.854176],[-122.291084,47.854328],[-122.290716,47.854728],[-122.290478,47.854988],[-122.290078,47.855423],[-122.290064,47.855439],[-122.289473,47.85612],[-122.289349,47.856245],[-122.289273,47.856331],[-122.288944,47.8567],[-122.288315,47.857398],[-122.288081,47.857622],[-122.287883,47.857811],[-122.287677,47.858026],[-122.287316,47.858401],[-122.287207,47.858518],[-122.286996,47.858744],[-122.286836,47.858916],[-122.285875,47.859946],[-122.285756,47.860073],[-122.285342,47.860518],[-122.285008,47.860875],[-122.284946,47.860942],[-122.284603,47.861309],[-122.284335,47.861596],[-122.284118,47.86183],[-122.283765,47.862207],[-122.283688,47.86229],[-122.283572,47.862414],[-122.283366,47.862635],[-122.282899,47.863136],[-122.282837,47.863203],[-122.28248,47.863585],[-122.282427,47.863643],[-122.282307,47.863775],[-122.282043,47.864065],[-122.28193,47.864188],[-122.281818,47.864312],[-122.281465,47.864698],[-122.281402,47.864767],[-122.280831,47.865392],[-122.280165,47.866121],[-122.279687,47.866625],[-122.278974,47.867388],[-122.278952,47.867411],[-122.278615,47.86778],[-122.278066,47.868381],[-122.277924,47.868536],[-122.277345,47.869153],[-122.276751,47.869785],[-122.276024,47.870559],[-122.275988,47.870598],[-122.275588,47.871024],[-122.275337,47.871292],[-122.275248,47.871386],[-122.275094,47.87155],[-122.274766,47.8719],[-122.274348,47.872345],[-122.274259,47.87244],[-122.274072,47.872639],[-122.273815,47.872912],[-122.273723,47.873011],[-122.273638,47.873098],[-122.273404,47.873342],[-122.272937,47.873847],[-122.272601,47.874209],[-122.272421,47.874401],[-122.272134,47.874707],[-122.271883,47.874973],[-122.271362,47.875528],[-122.271006,47.875907],[-122.270884,47.876036],[-122.270713,47.876218],[-122.270565,47.876376],[-122.270378,47.876581],[-122.27027,47.876687],[-122.269948,47.87703],[-122.269738,47.877267],[-122.269189,47.877856],[-122.267384,47.879764],[-122.267219,47.879958],[-122.267052,47.880134],[-122.266902,47.880292],[-122.266728,47.880476],[-122.266548,47.880666],[-122.265982,47.881263],[-122.26578,47.881477],[-122.265465,47.881826],[-122.265177,47.882144],[-122.265137,47.882189],[-122.264834,47.882535],[-122.264767,47.882608],[-122.264283,47.883135],[-122.263799,47.883648],[-122.263254,47.884242],[-122.262791,47.884745],[-122.262291,47.885278],[-122.26205,47.885533],[-122.261633,47.88598],[-122.261559,47.88606],[-122.261515,47.886107],[-122.26129,47.886349],[-122.261146,47.886503],[-122.260773,47.886904],[-122.26022,47.887497],[-122.259685,47.888072],[-122.259367,47.888414],[-122.259192,47.888601],[-122.259019,47.888787],[-122.258908,47.888906],[-122.258814,47.889007],[-122.258575,47.889265],[-122.258444,47.889406],[-122.258314,47.889543],[-122.258118,47.889751],[-122.257963,47.889914],[-122.257762,47.890125],[-122.257705,47.890185],[-122.257499,47.890403],[-122.257383,47.890525],[-122.257217,47.8907],[-122.257144,47.890778],[-122.256938,47.890999],[-122.25671,47.891245],[-122.256683,47.891273],[-122.256297,47.891688],[-122.256228,47.891763],[-122.256116,47.891884],[-122.255834,47.892186],[-122.255767,47.892258],[-122.25539,47.892663],[-122.255002,47.89308],[-122.254945,47.893141],[-122.254454,47.893666],[-122.254431,47.893689],[-122.254118,47.894024],[-122.253757,47.894411],[-122.253342,47.894855],[-122.253163,47.895047],[-122.253115,47.895098],[-122.253016,47.895204],[-122.252795,47.895441],[-122.252751,47.895488],[-122.252623,47.895625],[-122.252442,47.895819],[-122.252221,47.896063],[-122.252011,47.896293],[-122.251886,47.89643],[-122.251743,47.896582],[-122.251521,47.896818],[-122.251248,47.897108],[-122.250806,47.897577],[-122.250633,47.89776],[-122.250237,47.898181],[-122.249899,47.898539],[-122.249766,47.89868],[-122.249712,47.898738],[-122.249427,47.899041],[-122.249129,47.899357],[-122.248993,47.899502],[-122.248902,47.899598],[-122.248491,47.900034],[-122.247811,47.900762],[-122.247421,47.901181],[-122.247266,47.901347],[-122.24718,47.90144],[-122.246657,47.902002],[-122.246454,47.90222],[-122.246193,47.902501],[-122.246026,47.902678],[-122.245914,47.902796],[-122.245579,47.903151],[-122.245565,47.903166],[-122.245354,47.90339],[-122.245084,47.903683],[-122.24504,47.903731],[-122.244633,47.904173],[-122.244322,47.90451],[-122.244289,47.904542],[-122.244269,47.904563],[-122.243853,47.90501],[-122.243569,47.905314],[-122.243165,47.905749],[-122.242977,47.90595],[-122.242666,47.906283],[-122.242428,47.90654],[-122.242298,47.906678],[-122.242215,47.906768],[-122.241691,47.907331],[-122.241453,47.907586],[-122.241433,47.907609],[-122.241295,47.907757],[-122.241189,47.907871],[-122.241139,47.907924],[-122.240936,47.908144],[-122.240787,47.908305],[-122.240562,47.908547],[-122.240321,47.908808],[-122.240224,47.908913],[-122.239974,47.909184],[-122.239944,47.909215],[-122.239656,47.909522],[-122.239631,47.909555],[-122.239456,47.909738],[-122.239349,47.909852],[-122.239168,47.910047],[-122.239119,47.910101],[-122.239032,47.910195],[-122.238896,47.910335],[-122.238813,47.910421],[-122.238596,47.910645],[-122.238483,47.910762],[-122.238439,47.91081],[-122.238056,47.911222],[-122.237737,47.911574],[-122.237511,47.91182],[-122.237474,47.91186],[-122.237191,47.912167],[-122.237016,47.912353],[-122.236917,47.912458],[-122.236851,47.912529],[-122.236756,47.912629],[-122.236557,47.912841],[-122.236332,47.913079],[-122.236224,47.913193],[-122.235906,47.913531],[-122.235859,47.913581],[-122.235762,47.91369],[-122.235524,47.913956],[-122.235433,47.914058],[-122.235393,47.914103],[-122.235304,47.914196],[-122.235261,47.914241],[-122.235201,47.914303],[-122.235078,47.914419],[-122.234992,47.914521],[-122.234826,47.914693],[-122.234782,47.914739],[-122.234684,47.914841],[-122.234425,47.915111],[-122.234292,47.915255],[-122.234249,47.915302],[-122.234202,47.915353],[-122.233588,47.916024],[-122.233208,47.916425],[-122.23307,47.916573],[-122.232659,47.917016],[-122.232624,47.917053],[-122.232416,47.917278],[-122.232333,47.917367],[-122.232151,47.917563],[-122.231851,47.917885],[-122.231621,47.918133],[-122.231445,47.918323],[-122.231097,47.918697],[-122.230733,47.919089],[-122.230694,47.919131],[-122.230488,47.919352],[-122.229975,47.919901],[-122.229847,47.920038],[-122.229648,47.920242],[-122.229524,47.920384],[-122.229333,47.920588],[-122.22921,47.92072],[-122.229059,47.920881],[-122.228936,47.921013],[-122.228872,47.921082],[-122.22858,47.921394],[-122.228539,47.921438],[-122.228378,47.92161],[-122.228359,47.921631],[-122.228179,47.921824],[-122.228164,47.92184],[-122.228078,47.921932],[-122.227622,47.922417],[-122.2276,47.92244],[-122.227332,47.922724],[-122.227218,47.922847],[-122.226801,47.923309],[-122.226723,47.923403],[-122.22639,47.923757],[-122.226162,47.923995],[-122.225993,47.924172],[-122.225864,47.924313],[-122.225639,47.924561],[-122.225358,47.924834],[-122.225122,47.925092],[-122.224927,47.925284],[-122.224897,47.925315],[-122.224841,47.925378],[-122.224727,47.925495],[-122.224327,47.925926],[-122.223991,47.926261],[-122.223522,47.92675],[-122.222946,47.927355],[-122.222818,47.927489],[-122.22257,47.927781],[-122.222452,47.927874],[-122.222176,47.928219],[-122.222046,47.928354],[-122.221676,47.928754],[-122.221509,47.928943],[-122.221273,47.929263],[-122.221255,47.929293],[-122.221148,47.929482],[-122.221049,47.929654],[-122.220798,47.930093],[-122.220614,47.93057],[-122.220562,47.930692],[-122.220442,47.931017],[-122.220373,47.931259],[-122.220315,47.931464],[-122.220296,47.931533],[-122.220214,47.931833],[-122.220196,47.931901],[-122.220111,47.93218],[-122.220102,47.932219],[-122.220063,47.932363],[-122.220037,47.932459],[-122.220028,47.93249],[-122.219909,47.932932],[-122.219889,47.933006],[-122.219826,47.933236],[-122.219798,47.933339],[-122.219753,47.933504],[-122.219687,47.933745],[-122.219655,47.933865],[-122.219613,47.93402],[-122.219586,47.934118],[-122.219573,47.934164],[-122.219548,47.934256],[-122.219521,47.934358],[-122.219462,47.934578],[-122.21943,47.934703],[-122.219394,47.934842],[-122.219355,47.934992],[-122.219344,47.935033],[-122.219311,47.935162],[-122.219255,47.935379],[-122.219209,47.935558],[-122.219045,47.936193],[-122.218924,47.936634],[-122.218816,47.937018],[-122.218803,47.937065],[-122.218749,47.937254],[-122.21873,47.937325],[-122.218661,47.937571],[-122.218637,47.93766],[-122.218635,47.937668],[-122.218595,47.937811],[-122.218444,47.938353],[-122.218335,47.938744],[-122.218321,47.938801],[-122.218288,47.938932],[-122.218226,47.939169],[-122.218149,47.939493],[-122.218124,47.939593],[-122.217952,47.940282],[-122.217934,47.940357],[-122.217829,47.940758],[-122.217813,47.94082],[-122.217744,47.941118],[-122.217637,47.941472],[-122.217606,47.941579],[-122.217574,47.941683],[-122.21756,47.941736],[-122.217527,47.941858],[-122.217465,47.942093],[-122.217415,47.942281],[-122.217364,47.942471],[-122.217319,47.94264],[-122.217239,47.942938],[-122.217219,47.943022],[-122.217066,47.943604],[-122.217042,47.94368],[-122.216943,47.943948],[-122.216918,47.944004],[-122.216856,47.944141],[-122.216807,47.94425],[-122.216734,47.944417],[-122.216713,47.944467],[-122.216675,47.944555],[-122.216624,47.94467],[-122.216587,47.944753],[-122.21649,47.944973],[-122.216438,47.945089],[-122.216411,47.945151],[-122.216342,47.945306],[-122.216302,47.945398],[-122.216268,47.945474],[-122.216225,47.945572],[-122.216203,47.94562],[-122.216061,47.945941],[-122.216025,47.946029],[-122.215954,47.946197],[-122.215901,47.946324],[-122.215844,47.946461],[-122.215803,47.946552],[-122.21579,47.94658],[-122.21569,47.946801],[-122.215616,47.946965],[-122.215553,47.947103],[-122.215471,47.947285],[-122.215277,47.947712],[-122.215198,47.947897],[-122.215039,47.948244],[-122.214913,47.948519],[-122.214897,47.948554],[-122.214759,47.948856],[-122.214623,47.949157],[-122.214545,47.949329],[-122.214508,47.949417],[-122.21446,47.949533],[-122.214321,47.949872],[-122.214214,47.950133],[-122.214196,47.950178],[-122.214051,47.950561],[-122.214016,47.950653],[-122.213951,47.950863],[-122.213947,47.950878],[-122.21391,47.950998],[-122.213885,47.951075],[-122.213856,47.95117],[-122.213804,47.951357],[-122.213798,47.951381],[-122.213774,47.951464],[-122.213705,47.951713],[-122.213683,47.951793],[-122.213669,47.951844],[-122.213661,47.951887],[-122.213648,47.951955],[-122.213544,47.9525],[-122.213528,47.952583],[-122.213446,47.953037],[-122.213398,47.953316],[-122.213335,47.95369],[-122.213273,47.954058],[-122.213231,47.954311],[-122.213186,47.954575],[-122.213155,47.954761],[-122.213141,47.954847],[-122.213126,47.954936],[-122.213084,47.955184],[-122.213068,47.955278],[-122.213035,47.955384],[-122.21284,47.956009],[-122.212743,47.95625],[-122.212574,47.956668],[-122.212413,47.956954],[-122.21228,47.957188],[-122.211897,47.957865],[-122.211056,47.959351],[-122.210897,47.959709],[-122.210795,47.959993],[-122.21075,47.960146],[-122.21071,47.960383],[-122.210665,47.960654],[-122.210352,47.960661],[-122.210316,47.960662],[-122.209961,47.96067],[-122.209266,47.960688],[-122.208555,47.960701],[-122.208384,47.960704],[-122.208116,47.960711],[-122.208056,47.960712],[-122.207995,47.960713],[-122.207862,47.960716],[-122.207721,47.960717],[-122.207362,47.960734],[-122.206994,47.960802],[-122.206799,47.960895],[-122.206652,47.960961],[-122.206584,47.960965],[-122.206267,47.960954],[-122.206164,47.960965],[-122.206033,47.961006],[-122.205776,47.961122],[-122.204983,47.961779],[-122.204891,47.961959],[-122.204802,47.962567],[-122.2047,47.962909],[-122.204534,47.963079],[-122.204349,47.963218],[-122.204285,47.963373],[-122.204316,47.963551],[-122.204367,47.963659],[-122.203667,47.963886],[-122.20378,47.964029],[-122.203875,47.964187],[-122.203914,47.964311],[-122.203866,47.964456],[-122.203735,47.964556],[-122.2035,47.964628],[-122.202415,47.964742],[-122.201219,47.964867],[-122.200977,47.964874],[-122.200996,47.965251],[-122.201005,47.965419],[-122.201016,47.965615],[-122.201023,47.965741],[-122.201046,47.966139],[-122.201065,47.966483],[-122.201077,47.966712],[-122.201113,47.967386],[-122.201117,47.967448],[-122.201118,47.967523],[-122.201127,47.967887],[-122.201128,47.967914],[-122.201133,47.968127],[-122.201141,47.968464],[-122.201145,47.968608],[-122.201146,47.968675],[-122.201148,47.968761],[-122.201153,47.968867],[-122.201167,47.969207],[-122.201173,47.969344],[-122.201182,47.969543],[-122.201193,47.969804],[-122.201198,47.969923],[-122.201204,47.970076],[-122.20123,47.970664],[-122.201262,47.971384],[-122.201308,47.97244],[-122.201319,47.972702],[-122.201373,47.973931],[-122.201376,47.974013],[-122.201381,47.974112],[-122.201443,47.975343],[-122.201472,47.976075],[-122.201475,47.97616],[-122.201476,47.976185],[-122.20149,47.976537],[-122.201494,47.976652],[-122.201502,47.97682],[-122.201506,47.976891],[-122.20151,47.976989],[-122.20152,47.977195],[-122.201554,47.977897],[-122.201559,47.977991],[-122.201558,47.978111],[-122.201555,47.978775],[-122.201554,47.97906],[-122.201553,47.979221],[-122.201548,47.979347],[-122.201538,47.979655],[-122.201538,47.979952],[-122.201527,47.980541],[-122.201524,47.980769],[-122.20152,47.981117],[-122.201518,47.981304],[-122.201516,47.98145],[-122.201515,47.98157],[-122.201513,47.981749],[-122.201511,47.981885],[-122.201509,47.982043],[-122.201506,47.982328],[-122.201504,47.982535],[-122.201503,47.982572],[-122.201497,47.982862],[-122.20149,47.983195],[-122.201482,47.983785],[-122.20148,47.983933],[-122.201478,47.98403],[-122.201474,47.984326],[-122.201473,47.984421],[-122.201472,47.984496],[-122.201467,47.984604],[-122.201449,47.98507],[-122.201443,47.985222],[-122.201441,47.985259],[-122.201426,47.985624],[-122.201419,47.98581],[-122.201416,47.986018],[-122.201409,47.986525],[-122.201408,47.986597],[-122.201405,47.986797],[-122.201402,47.98704],[-122.201401,47.987121],[-122.201396,47.987223],[-122.201368,47.987784],[-122.201336,47.988442],[-122.201327,47.989502],[-122.201326,47.989592],[-122.201325,47.989757],[-122.201321,47.989978],[-122.201313,47.990401],[-122.201303,47.990909],[-122.2013,47.991074],[-122.201292,47.991458],[-122.201289,47.991596],[-122.201284,47.991828],[-122.201276,47.992226],[-122.201274,47.99229],[-122.201272,47.992399],[-122.201269,47.992508],[-122.201253,47.993003],[-122.201234,47.993627],[-122.201231,47.993713],[-122.201227,47.993803],[-122.201216,47.99403],[-122.201209,47.994188],[-122.201192,47.994534],[-122.201185,47.99503],[-122.20116,47.995477],[-122.20116,47.995519],[-122.20116,47.995739],[-122.201159,47.996018],[-122.201158,47.996254],[-122.201156,47.996347],[-122.201154,47.996418],[-122.201124,47.997],[-122.2011,47.997468],[-122.201089,47.997669],[-122.201084,47.998282],[-122.201079,47.998889],[-122.201078,47.998971],[-122.201075,47.999063],[-122.201074,47.999118],[-122.201054,47.999612],[-122.201039,47.999996],[-122.201031,48.000205],[-122.201027,48.00029],[-122.201025,48.000378],[-122.201014,48.000819],[-122.201015,48.000876],[-122.20101,48.001117],[-122.201007,48.001279],[-122.201002,48.001517],[-122.201,48.001599],[-122.200926,48.001677],[-122.200921,48.002092],[-122.200887,48.002306],[-122.20074,48.002758],[-122.200534,48.003131],[-122.200439,48.003256],[-122.200384,48.003329],[-122.200245,48.003473],[-122.200228,48.003585],[-122.200144,48.003668],[-122.200084,48.003726],[-122.199969,48.003823],[-122.199616,48.004096],[-122.199512,48.004184],[-122.199473,48.004212],[-122.199391,48.004276],[-122.198278,48.005126],[-122.19766,48.005598],[-122.197561,48.005673],[-122.197531,48.005697],[-122.197455,48.005755],[-122.197323,48.00586],[-122.196859,48.006226],[-122.196286,48.006679],[-122.195758,48.007097],[-122.195359,48.007406],[-122.194788,48.007847],[-122.194697,48.007918],[-122.194412,48.008139],[-122.194144,48.008346],[-122.192538,48.009588],[-122.192033,48.009913],[-122.191598,48.010242],[-122.190694,48.010952],[-122.190359,48.011212],[-122.19021,48.011351],[-122.189734,48.011818],[-122.189449,48.012111],[-122.189254,48.012324],[-122.188852,48.012811],[-122.188683,48.013056],[-122.188553,48.013289],[-122.188341,48.013746],[-122.188246,48.01402],[-122.188168,48.014308],[-122.186885,48.01926],[-122.186736,48.019838],[-122.18639,48.020986],[-122.18573,48.022868],[-122.184534,48.026033],[-122.182925,48.030468],[-122.182322,48.032136],[-122.181942,48.033332],[-122.181715,48.034176],[-122.181528,48.034874],[-122.180857,48.037394],[-122.180679,48.038069],[-122.180546,48.03852],[-122.180317,48.039041],[-122.180006,48.039442],[-122.179577,48.039902],[-122.178902,48.040632],[-122.178815,48.040913],[-122.178802,48.041128],[-122.178817,48.041322],[-122.178866,48.041498],[-122.178945,48.041651],[-122.179181,48.041921],[-122.179822,48.042475],[-122.179965,48.042632],[-122.180146,48.042911],[-122.18044,48.043328],[-122.181016,48.044158],[-122.183579,48.048562],[-122.1837,48.048835],[-122.184129,48.049849],[-122.184292,48.050458],[-122.184386,48.051175],[-122.184402,48.051639],[-122.184419,48.052133],[-122.184378,48.055925],[-122.184575,48.060537],[-122.184713,48.06414],[-122.184732,48.065063],[-122.184746,48.065752],[-122.184738,48.068459],[-122.184644,48.070432],[-122.184601,48.079418],[-122.18467,48.096303],[-122.184687,48.104182],[-122.184764,48.113412],[-122.184919,48.118392],[-122.185202,48.12419],[-122.185234,48.12514],[-122.185331,48.126848],[-122.185485,48.128716],[-122.185674,48.132938],[-122.185786,48.134639],[-122.186077,48.137349],[-122.186249,48.13874],[-122.187478,48.145492],[-122.187837,48.147618],[-122.187894,48.147996],[-122.18933,48.15614],[-122.1896,48.1576],[-122.19096,48.165541],[-122.192473,48.174004],[-122.192678,48.175139],[-122.192884,48.175854],[-122.193256,48.176728],[-122.193579,48.177413],[-122.194189,48.178319],[-122.194798,48.179059],[-122.195321,48.179643],[-122.19739,48.182053],[-122.200463,48.185435],[-122.201765,48.186869],[-122.20502,48.190516],[-122.207466,48.193228],[-122.207878,48.193709],[-122.208183,48.194123],[-122.208813,48.195098],[-122.208951,48.195419],[-122.209535,48.196415],[-122.210342,48.198297],[-122.212075,48.20173],[-122.213674,48.204984],[-122.214081,48.205756],[-122.214671,48.207036],[-122.215122,48.208187],[-122.217283,48.21404],[-122.217577,48.214926],[-122.218872,48.218286],[-122.219225,48.219204],[-122.219637,48.220018],[-122.22041,48.221376],[-122.221216,48.222434],[-122.221989,48.223344],[-122.222853,48.224284],[-122.223842,48.225164],[-122.225035,48.226016],[-122.233078,48.231269],[-122.234165,48.232091],[-122.235571,48.233363],[-122.237577,48.235443],[-122.237781,48.235653],[-122.239433,48.237358],[-122.240634,48.238604],[-122.241034,48.239023],[-122.243103,48.241253],[-122.244788,48.243055],[-122.247984,48.246475],[-122.250908,48.249576],[-122.251473,48.250228],[-122.252995,48.251919],[-122.259626,48.259916],[-122.260544,48.260985],[-122.262585,48.262775],[-122.263514,48.26359],[-122.264552,48.264453],[-122.268303,48.267493],[-122.268807,48.267902],[-122.271931,48.270654],[-122.272802,48.271424],[-122.284826,48.281751],[-122.291465,48.287367],[-122.291819,48.287654],[-122.296779,48.291917],[-122.303445,48.297609],[-122.310589,48.303693],[-122.311608,48.304593],[-122.313213,48.305925],[-122.314133,48.30668],[-122.315014,48.307329],[-122.316164,48.308146],[-122.317787,48.309187],[-122.318929,48.310002],[-122.320093,48.310929],[-122.32094,48.311814],[-122.321648,48.312713],[-122.322217,48.31352],[-122.324328,48.316758],[-122.325627,48.318596],[-122.325926,48.319062],[-122.328576,48.323354],[-122.328837,48.323772],[-122.331383,48.327942],[-122.332396,48.329695],[-122.332773,48.330522],[-122.3331,48.331344],[-122.333534,48.332891],[-122.33431,48.336594],[-122.334523,48.337574],[-122.335532,48.342431],[-122.335735,48.343685],[-122.335854,48.345026],[-122.335884,48.345775],[-122.335912,48.346508],[-122.335811,48.35587],[-122.335617,48.366614],[-122.335391,48.376598],[-122.335337,48.377234],[-122.335311,48.377473],[-122.335241,48.3779],[-122.335134,48.378418],[-122.334857,48.379262],[-122.334586,48.379921],[-122.334215,48.38065],[-122.333623,48.381592],[-122.333294,48.382033],[-122.332865,48.382511],[-122.331966,48.38358],[-122.331583,48.384124],[-122.331143,48.384922],[-122.330761,48.385821],[-122.330646,48.386281],[-122.330607,48.386575],[-122.330521,48.387929],[-122.330443,48.390136],[-122.330405,48.393985],[-122.33037,48.395812],[-122.330371,48.397945],[-122.330328,48.399605],[-122.330553,48.402696],[-122.330627,48.403752],[-122.330747,48.405011],[-122.331465,48.413429],[-122.331469,48.414074],[-122.331562,48.414604],[-122.331712,48.415195],[-122.331927,48.415708],[-122.332302,48.416441],[-122.332765,48.417281],[-122.333005,48.41772],[-122.333889,48.419292],[-122.335039,48.421365],[-122.335811,48.422615],[-122.336165,48.423127],[-122.337894,48.425506],[-122.338713,48.426645],[-122.340021,48.428415],[-122.340403,48.429065],[-122.340752,48.429844],[-122.340997,48.430857],[-122.341043,48.431361],[-122.341032,48.432219],[-122.341044,48.432506],[-122.340996,48.435666],[-122.34099,48.436042],[-122.341033,48.438213],[-122.341016,48.440444],[-122.341015,48.440981],[-122.340993,48.443285],[-122.341106,48.446444],[-122.341127,48.447379],[-122.341147,48.448254],[-122.34113,48.449775],[-122.341213,48.452797],[-122.341327,48.457578],[-122.341366,48.458799],[-122.341368,48.459082],[-122.341475,48.463674],[-122.34151,48.464136],[-122.341559,48.46501],[-122.341689,48.46669],[-122.341841,48.468803],[-122.341936,48.470577],[-122.34198,48.4712],[-122.342044,48.471975],[-122.342142,48.4734],[-122.342314,48.475522],[-122.342377,48.476641],[-122.342452,48.47753],[-122.342461,48.478065],[-122.342397,48.47865],[-122.342276,48.479179],[-122.342181,48.479474],[-122.34205,48.479821],[-122.341727,48.480481],[-122.341399,48.480985],[-122.34119,48.48128],[-122.340818,48.481703],[-122.340523,48.482007],[-122.340226,48.482303],[-122.339748,48.482693],[-122.339402,48.482969],[-122.33801,48.483973],[-122.337302,48.484585],[-122.336863,48.485069],[-122.336604,48.48539],[-122.33632,48.485825],[-122.336009,48.486381],[-122.335786,48.48691],[-122.335615,48.487426],[-122.335551,48.487791],[-122.335482,48.488674],[-122.335455,48.489133],[-122.335419,48.491699],[-122.335358,48.493046],[-122.335356,48.493248],[-122.33527,48.497334],[-122.335307,48.498047],[-122.335403,48.498914],[-122.335661,48.500299],[-122.335836,48.500981],[-122.336161,48.501991],[-122.336405,48.502615],[-122.336799,48.503489],[-122.337045,48.504043],[-122.337886,48.505459],[-122.338787,48.506983],[-122.341772,48.512115],[-122.342565,48.513468],[-122.343137,48.514432],[-122.343531,48.515114],[-122.345706,48.518795],[-122.345939,48.519198],[-122.348016,48.522634],[-122.348815,48.524063],[-122.349083,48.524533],[-122.350022,48.5262],[-122.350563,48.527354],[-122.350813,48.527942],[-122.350966,48.528383],[-122.351249,48.529236],[-122.351636,48.531043],[-122.351747,48.532475],[-122.35185,48.54196],[-122.35179,48.542597],[-122.351636,48.543285],[-122.351256,48.544144],[-122.350192,48.546184],[-122.34972,48.547173],[-122.349531,48.547775],[-122.349376,48.548604],[-122.349368,48.549366],[-122.349445,48.550104],[-122.350115,48.552724],[-122.350235,48.553485],[-122.350286,48.554132],[-122.350278,48.55503],[-122.35014,48.55586],[-122.349969,48.556502],[-122.349437,48.557888],[-122.34796,48.561694],[-122.347892,48.562006],[-122.347746,48.562818],[-122.347587,48.564351],[-122.347765,48.568578],[-122.347767,48.570939],[-122.34763,48.572768],[-122.346907,48.57634],[-122.34678,48.576971],[-122.345853,48.581633],[-122.344952,48.585755],[-122.3443,48.589033],[-122.343766,48.591633],[-122.343678,48.592205],[-122.343544,48.59393],[-122.343613,48.595082],[-122.343718,48.595941],[-122.343824,48.596609],[-122.345288,48.604435],[-122.345589,48.60545],[-122.345961,48.606422],[-122.34622,48.606997],[-122.346584,48.607629],[-122.34704,48.608359],[-122.347664,48.609215],[-122.348093,48.609732],[-122.354728,48.617687],[-122.35538,48.618697],[-122.355732,48.619418],[-122.355973,48.620087],[-122.356184,48.620809],[-122.356324,48.621494],[-122.35678,48.625147],[-122.356925,48.626129],[-122.357177,48.627445],[-122.357418,48.628385],[-122.357697,48.629193],[-122.359826,48.634338],[-122.362728,48.641333],[-122.362909,48.641762],[-122.363187,48.642424],[-122.364204,48.644893],[-122.365603,48.648239],[-122.365894,48.648908],[-122.366564,48.650643],[-122.366959,48.651964],[-122.367399,48.653188],[-122.367994,48.654888],[-122.368081,48.655185],[-122.368838,48.656943],[-122.369962,48.65932],[-122.371131,48.66207],[-122.371814,48.664167],[-122.37226,48.665455],[-122.372569,48.666072],[-122.372904,48.666548],[-122.373428,48.667154],[-122.374123,48.66767],[-122.374973,48.668175],[-122.376526,48.668889],[-122.378629,48.66979],[-122.379822,48.670363],[-122.38171,48.671349],[-122.382878,48.671916],[-122.384457,48.672624],[-122.38583,48.67314],[-122.388199,48.673922],[-122.389401,48.674455],[-122.390714,48.675206],[-122.392087,48.676133],[-122.393031,48.676847],[-122.393646,48.677433],[-122.394199,48.678218],[-122.394473,48.67904],[-122.394542,48.679833],[-122.39431,48.680819],[-122.393958,48.682146],[-122.393795,48.683137],[-122.393855,48.683721],[-122.393941,48.684237],[-122.394147,48.684712],[-122.394422,48.685189],[-122.394851,48.685755],[-122.39528,48.686197],[-122.396061,48.686764],[-122.396748,48.687155],[-122.397778,48.687568],[-122.399924,48.688248],[-122.401374,48.68886],[-122.401606,48.689053],[-122.401692,48.689246],[-122.401726,48.689489],[-122.401683,48.689637],[-122.401572,48.68975],[-122.401461,48.689832],[-122.401308,48.689893],[-122.401398,48.689936],[-122.401552,48.69001],[-122.401818,48.690139],[-122.404468,48.691363],[-122.408183,48.693078],[-122.40821,48.69309],[-122.4137,48.695626],[-122.414798,48.696032],[-122.416107,48.696451],[-122.420979,48.697914],[-122.422965,48.69854],[-122.423125,48.698582],[-122.423493,48.698694],[-122.424687,48.699054],[-122.425625,48.69936],[-122.426123,48.699537],[-122.426801,48.699828],[-122.427345,48.700104],[-122.428768,48.701003],[-122.429428,48.70135],[-122.432131,48.702841],[-122.435471,48.70472],[-122.436711,48.705418],[-122.43736,48.705723],[-122.437891,48.705905],[-122.438471,48.706104],[-122.438979,48.706237],[-122.439558,48.706352],[-122.440431,48.706475],[-122.440963,48.70651],[-122.442119,48.706508],[-122.443014,48.706502],[-122.443681,48.706499],[-122.4452,48.706493],[-122.44741,48.706467],[-122.449424,48.706443],[-122.451668,48.706412],[-122.454023,48.706418],[-122.45488,48.706405],[-122.455971,48.706399],[-122.456738,48.706466],[-122.457541,48.706569],[-122.458295,48.706741],[-122.459015,48.706939],[-122.459696,48.707185],[-122.460244,48.707416],[-122.460459,48.707547],[-122.460849,48.707746],[-122.461457,48.708103],[-122.463031,48.709029],[-122.46354,48.709309],[-122.463966,48.709565],[-122.464519,48.709898],[-122.464862,48.710155],[-122.465722,48.710801],[-122.466141,48.711181],[-122.466344,48.711399],[-122.46665,48.711728],[-122.467257,48.712497],[-122.467387,48.712662],[-122.467753,48.713551],[-122.467916,48.71401],[-122.468015,48.714289],[-122.469015,48.717179],[-122.469604,48.718796],[-122.469707,48.71907],[-122.469979,48.719945],[-122.470126,48.720406],[-122.471043,48.723017],[-122.471389,48.724017],[-122.471534,48.724552],[-122.471642,48.725],[-122.471694,48.7253],[-122.471747,48.72585],[-122.471755,48.726372],[-122.471733,48.726783],[-122.471678,48.727155],[-122.471535,48.727987],[-122.471423,48.72842],[-122.47135,48.728613],[-122.471242,48.728884],[-122.471118,48.729086],[-122.470971,48.729273],[-122.470636,48.729602],[-122.470398,48.729801],[-122.470247,48.729897],[-122.46985,48.730186],[-122.46898,48.730758],[-122.468213,48.731296],[-122.468428,48.731381],[-122.468685,48.731653],[-122.469233,48.732455],[-122.469485,48.732861],[-122.469869,48.733641],[-122.469868,48.734063],[-122.469866,48.734799],[-122.469864,48.735435],[-122.469862,48.738003],[-122.469862,48.738233],[-122.469854,48.739336],[-122.469814,48.739501],[-122.469778,48.739651],[-122.470049,48.73983],[-122.470294,48.739992],[-122.470783,48.740315],[-122.471307,48.740658],[-122.471698,48.740915],[-122.471886,48.74101],[-122.471826,48.742376],[-122.471814,48.74289],[-122.471806,48.743268],[-122.471795,48.743792],[-122.471783,48.744543],[-122.471776,48.745015],[-122.472027,48.745107],[-122.472442,48.745379],[-122.472959,48.745718],[-122.473492,48.746064],[-122.473994,48.74639],[-122.474543,48.746746],[-122.475025,48.747059],[-122.475543,48.747398],[-122.476052,48.74773],[-122.476591,48.748071],[-122.477091,48.748407],[-122.477619,48.748752],[-122.478143,48.749076],[-122.478639,48.749414],[-122.479163,48.749752],[-122.47969,48.750094],[-122.480199,48.750424],[-122.480743,48.750774],[-122.48101,48.750946],[-122.481236,48.751096],[-122.481012,48.751251],[-122.481025,48.751877],[-122.481046,48.752862],[-122.481066,48.753873],[-122.481072,48.754132],[-122.481085,48.754773],[-122.481087,48.754884],[-122.481094,48.754916],[-122.48111,48.754961],[-122.481172,48.755006],[-122.481202,48.755023],[-122.481546,48.755238],[-122.481635,48.755297],[-122.482333,48.755797],[-122.482999,48.756243],[-122.483787,48.756728],[-122.484563,48.757241],[-122.485335,48.757737],[-122.486089,48.758251],[-122.486838,48.758743],[-122.487603,48.759241],[-122.488213,48.759664],[-122.488298,48.759738],[-122.488383,48.759813],[-122.488386,48.759974],[-122.488396,48.760616],[-122.488406,48.76178],[-122.488407,48.761882],[-122.488405,48.761979],[-122.488384,48.763138],[-122.488379,48.764381],[-122.488386,48.764768],[-122.489083,48.765609],[-122.48913,48.765666],[-122.489202,48.765755],[-122.491094,48.768095],[-122.491176,48.768196],[-122.491226,48.768259],[-122.491788,48.768956],[-122.49191,48.769107],[-122.492601,48.769962],[-122.492663,48.770038],[-122.493937,48.771617],[-122.494599,48.772436],[-122.494827,48.772719],[-122.494991,48.772923],[-122.495664,48.773721],[-122.495767,48.773851],[-122.495833,48.773934],[-122.495924,48.774046],[-122.496701,48.77501],[-122.497212,48.775644],[-122.497338,48.775604],[-122.497562,48.775548],[-122.497654,48.775546],[-122.497807,48.775576],[-122.499795,48.776154],[-122.50178,48.776695],[-122.502139,48.776802],[-122.502256,48.776837],[-122.502723,48.776992],[-122.503108,48.777139],[-122.503154,48.777161],[-122.503473,48.777309],[-122.504027,48.777617],[-122.50739,48.779902],[-122.509459,48.781312],[-122.511192,48.782454],[-122.514509,48.784704],[-122.515512,48.785378],[-122.516525,48.786094],[-122.517945,48.787062],[-122.518234,48.787354],[-122.518574,48.787732],[-122.518684,48.787936],[-122.51881,48.78835],[-122.518825,48.788533],[-122.518884,48.789165],[-122.51897,48.789493],[-122.519099,48.78977],[-122.519236,48.789956],[-122.519394,48.790117],[-122.519785,48.790363],[-122.521285,48.791125],[-122.521968,48.7915],[-122.522908,48.792118],[-122.524906,48.793523],[-122.525209,48.793784],[-122.530525,48.799255],[-122.535864,48.804762],[-122.537544,48.806496],[-122.544601,48.813778],[-122.546009,48.815213],[-122.549064,48.818367],[-122.550867,48.820215],[-122.553246,48.822693],[-122.563545,48.833288],[-122.567031,48.836828],[-122.568819,48.838683],[-122.569359,48.839202],[-122.57002,48.839948],[-122.570729,48.840822],[-122.571673,48.842254],[-122.572031,48.842844],[-122.57264,48.843653],[-122.572821,48.843871],[-122.574231,48.845377],[-122.575991,48.847169],[-122.578765,48.850014],[-122.578848,48.850156],[-122.57937,48.850648],[-122.581106,48.852228],[-122.581614,48.852735],[-122.582147,48.853206],[-122.583577,48.854721],[-122.584109,48.8553],[-122.584968,48.856384],[-122.585107,48.856542],[-122.585305,48.856858],[-122.585612,48.857813],[-122.585832,48.858093],[-122.585998,48.858233],[-122.586119,48.858356],[-122.586334,48.858601],[-122.587089,48.859603],[-122.587366,48.86002],[-122.587554,48.860375],[-122.587643,48.860626],[-122.587715,48.861066],[-122.587928,48.862178],[-122.58815,48.86445],[-122.588452,48.867235],[-122.588963,48.872543],[-122.588875,48.876204],[-122.588642,48.883424],[-122.588625,48.884438],[-122.588689,48.885084],[-122.588837,48.885729],[-122.589251,48.886573],[-122.589632,48.887153],[-122.590114,48.887691],[-122.590505,48.888065],[-122.591123,48.888569],[-122.592803,48.889617],[-122.594328,48.890533],[-122.599884,48.893906],[-122.600123,48.894056],[-122.602577,48.895588],[-122.605702,48.897446],[-122.610978,48.900634],[-122.616681,48.904101],[-122.617691,48.904769],[-122.618957,48.905664],[-122.619272,48.905892],[-122.624151,48.909516],[-122.62615,48.911159],[-122.627363,48.912323],[-122.630588,48.916101],[-122.632684,48.91861],[-122.633951,48.919917],[-122.635501,48.921261],[-122.636566,48.922109],[-122.639772,48.924223],[-122.643072,48.926349],[-122.644404,48.927092],[-122.646655,48.928209],[-122.65063,48.930097],[-122.656573,48.933014],[-122.658936,48.934112],[-122.664247,48.936683],[-122.66606,48.937703],[-122.667417,48.938616],[-122.682952,48.948915],[-122.6867,48.951443],[-122.694282,48.956425],[-122.696545,48.957974],[-122.701221,48.961033],[-122.708758,48.965309],[-122.716956,48.97],[-122.717985,48.97076],[-122.7192,48.971721],[-122.720192,48.972547],[-122.720395,48.972697],[-122.72668,48.977843],[-122.728568,48.979392],[-122.729192,48.979996],[-122.730109,48.980932],[-122.732952,48.984309],[-122.733366,48.984794],[-122.734885,48.986155],[-122.735523,48.986704],[-122.736323,48.987301],[-122.737953,48.988417],[-122.739538,48.989502],[-122.740879,48.990414],[-122.744374,48.993363],[-122.744913,48.993764],[-122.745356,48.994073],[-122.745746,48.994311],[-122.746186,48.994556],[-122.747255,48.995106],[-122.74867,48.995855],[-122.749013,48.996023],[-122.750229,48.996661],[-122.750648,48.996909],[-122.75107,48.997171],[-122.751511,48.997466],[-122.751741,48.997634],[-122.752277,48.998059],[-122.752379,48.99814],[-122.752674,48.998326],[-122.752878,48.998509],[-122.753093,48.998813],[-122.753169,48.998899],[-122.753293,48.998993],[-122.75347,48.999147],[-122.753594,48.99932],[-122.753762,48.9995],[-122.754501,49.000268],[-122.754797,49.000565],[-122.755395,49.001245],[-122.755581,49.001472],[-122.755789,49.001721],[-122.756004,49.002086],[-122.756726,49.003092],[-122.756757,49.003156],[-122.756862,49.003375],[-122.756907,49.003517],[-122.756905,49.003828],[-122.756913,49.004776],[-122.75691,49.004874],[-122.756903,49.00502],[-122.756995,49.005309],[-122.757008,49.005447],[-122.757012,49.005973],[-122.757019,49.006153],[-122.757032,49.006268],[-122.757087,49.006454],[-122.757142,49.006575],[-122.757247,49.006774],[-122.757327,49.006965],[-122.757362,49.007114],[-122.75738,49.007292],[-122.757381,49.007376],[-122.757387,49.007489],[-122.75739,49.007875],[-122.757395,49.00835],[-122.757399,49.008586],[-122.757407,49.009478],[-122.75743,49.009691],[-122.757434,49.010103],[-122.757439,49.01053],[-122.75743,49.011377],[-122.757418,49.011553],[-122.757524,49.012854],[-122.757659,49.013294],[-122.757809,49.013667],[-122.758261,49.014536],[-122.758839,49.015531],[-122.760142,49.017826],[-122.761668,49.020642],[-122.76336,49.023608],[-122.764211,49.025013],[-122.765268,49.026903],[-122.765839,49.027723],[-122.766728,49.028775],[-122.767447,49.029518],[-122.768065,49.03009],[-122.770897,49.032628],[-122.771755,49.033402],[-122.773068,49.034586],[-122.781076,49.041788],[-122.784123,49.044579],[-122.785591,49.045872],[-122.786916,49.047087],[-122.787617,49.047729],[-122.789814,49.049704],[-122.792363,49.051999],[-122.793374,49.052834],[-122.794294,49.053557],[-122.795942,49.054732],[-122.799418,49.057286],[-122.800946,49.05836],[-122.80262,49.05962],[-122.804181,49.060762],[-122.804611,49.061077],[-122.805607,49.061791],[-122.807881,49.063428],[-122.808226,49.063686],[-122.809469,49.06462],[-122.813237,49.067319],[-122.813679,49.067652],[-122.814129,49.067995],[-122.814423,49.068217],[-122.814705,49.068432],[-122.815948,49.069323],[-122.818438,49.07112],[-122.819657,49.07202],[-122.820673,49.072802],[-122.821631,49.073471],[-122.824866,49.075817],[-122.826522,49.077033],[-122.827434,49.077676],[-122.829006,49.078842],[-122.830798,49.080133],[-122.834103,49.082551],[-122.835905,49.083832],[-122.837476,49.08499],[-122.839742,49.086642],[-122.840746,49.08738],[-122.841484,49.087874],[-122.841845,49.088087],[-122.842789,49.088543],[-122.843982,49.088953],[-122.844617,49.08911],[-122.845235,49.089234],[-122.846067,49.089324],[-122.848213,49.089465],[-122.852196,49.089729],[-122.852937,49.089776],[-122.855124,49.08991],[-122.856561,49.090007],[-122.860257,49.090237],[-122.861723,49.090324],[-122.865002,49.090504],[-122.86865,49.090735],[-122.871719,49.090938],[-122.871765,49.090932],[-122.874567,49.091109],[-122.878151,49.091336],[-122.88833,49.091976],[-122.89112,49.092137],[-122.891821,49.092235],[-122.892467,49.092367],[-122.892963,49.0925],[-122.893464,49.092696],[-122.893757,49.092852],[-122.89404,49.093037],[-122.894517,49.093387],[-122.895008,49.093978],[-122.895048,49.094041],[-122.895224,49.094322],[-122.895965,49.095543],[-122.897133,49.097431],[-122.898259,49.099235],[-122.902951,49.106759],[-122.903779,49.108106],[-122.904605,49.109223],[-122.905149,49.109818],[-122.905513,49.110171],[-122.906021,49.110615],[-122.906781,49.111207],[-122.909279,49.112676],[-122.910662,49.11329],[-122.912352,49.113813],[-122.913445,49.114112],[-122.914657,49.114385],[-122.914877,49.114428],[-122.915486,49.11455],[-122.917391,49.114888],[-122.918897,49.115134],[-122.920617,49.115502],[-122.922062,49.115963],[-122.923659,49.116701],[-122.924796,49.117377],[-122.925438,49.117901],[-122.925861,49.118339],[-122.926296,49.11879],[-122.926626,49.119227],[-122.926664,49.119306],[-122.92709,49.120077],[-122.927203,49.120336],[-122.927458,49.121057],[-122.927732,49.122695],[-122.927901,49.124533],[-122.927912,49.124665],[-122.928074,49.127799],[-122.92817,49.129154],[-122.928242,49.130233],[-122.928339,49.131262],[-122.928451,49.132846],[-122.928533,49.133445],[-122.928656,49.1339],[-122.928679,49.133976],[-122.928715,49.134065],[-122.928815,49.134285],[-122.929136,49.134821],[-122.929757,49.135506],[-122.93054,49.136326],[-122.93102,49.136827],[-122.932119,49.138053],[-122.934402,49.140442],[-122.934648,49.140772],[-122.934977,49.141259],[-122.935186,49.141667],[-122.93608,49.143715],[-122.93784,49.148002],[-122.938054,49.148516],[-122.938123,49.148662],[-122.940999,49.155611],[-122.943792,49.162636],[-122.94535,49.166155],[-122.945766,49.166882],[-122.946317,49.167531],[-122.946738,49.167958],[-122.947226,49.168349],[-122.947472,49.168527],[-122.94948,49.16979],[-122.95056,49.170506],[-122.951576,49.171161],[-122.952835,49.171977],[-122.953413,49.172337],[-122.953743,49.172564],[-122.954013,49.172793],[-122.954254,49.173051],[-122.95445,49.173317],[-122.95456,49.173572],[-122.954647,49.173736],[-122.95477,49.174157],[-122.954846,49.174532],[-122.954877,49.174752],[-122.954976,49.175189],[-122.955057,49.175445],[-122.955218,49.17579],[-122.9554,49.176053],[-122.955657,49.176314],[-122.955936,49.17653],[-122.95631,49.17675],[-122.956766,49.176993],[-122.957235,49.177141],[-122.957536,49.177211],[-122.958106,49.177301],[-122.958839,49.177403],[-122.95927,49.177464],[-122.959727,49.177558],[-122.960197,49.177704],[-122.960589,49.177874],[-122.960951,49.17809],[-122.961271,49.178341],[-122.961533,49.178626],[-122.96171,49.178911],[-122.961836,49.179233],[-122.961925,49.179703],[-122.961878,49.180295],[-122.961617,49.180982],[-122.961377,49.181334],[-122.961084,49.181654],[-122.960735,49.181931],[-122.960232,49.182262],[-122.959615,49.182589],[-122.959045,49.182795],[-122.958421,49.18297],[-122.957494,49.18317],[-122.956879,49.183301],[-122.955763,49.183539],[-122.954891,49.183751],[-122.954262,49.183946],[-122.953458,49.184239],[-122.953135,49.184379],[-122.952771,49.184557],[-122.952398,49.184739],[-122.952007,49.184965],[-122.951633,49.185208],[-122.951203,49.185439],[-122.949676,49.186542],[-122.949113,49.186935],[-122.948143,49.187429],[-122.948039,49.187495],[-122.947869,49.187602],[-122.947578,49.187805],[-122.947222,49.188071],[-122.946709,49.188399],[-122.946246,49.1886],[-122.945617,49.188801],[-122.945098,49.188971],[-122.944142,49.189308],[-122.943639,49.189559],[-122.943201,49.189857],[-122.942985,49.190031],[-122.942896,49.190208],[-122.942833,49.190289],[-122.94272,49.190427],[-122.942623,49.19057],[-122.942588,49.190649],[-122.942497,49.190872],[-122.942437,49.191135],[-122.942427,49.191415],[-122.942451,49.191603],[-122.942587,49.191992],[-122.942706,49.192183],[-122.942938,49.192476],[-122.943207,49.192761],[-122.948025,49.197258],[-122.949131,49.19827],[-122.949319,49.198568],[-122.949339,49.198754],[-122.949292,49.198915],[-122.949151,49.199091],[-122.948956,49.199238],[-122.948509,49.199427],[-122.945603,49.199995],[-122.945429,49.200029],[-122.945195,49.200077],[-122.945485,49.200553],[-122.945707,49.200784],[-122.945868,49.200846],[-122.946025,49.200986],[-122.946416,49.201303],[-122.946747,49.201561],[-122.946841,49.201635],[-122.947555,49.202201],[-122.947975,49.202532],[-122.948335,49.202848],[-122.948799,49.203219],[-122.949146,49.203495],[-122.949265,49.20359],[-122.949478,49.203759],[-122.94956,49.203824],[-122.949707,49.203941],[-122.949928,49.204117],[-122.950185,49.204322],[-122.950314,49.204425],[-122.950373,49.204472],[-122.950641,49.204684],[-122.950726,49.204753],[-122.951106,49.205056],[-122.95155,49.205419],[-122.95184,49.20564],[-122.951929,49.20573],[-122.952033,49.205809],[-122.952098,49.205862],[-122.9524,49.206162],[-122.952709,49.206538],[-122.952906,49.207048],[-122.952951,49.208653],[-122.953055,49.209034],[-122.953284,49.209415],[-122.953719,49.209855],[-122.953976,49.210032],[-122.954914,49.210655],[-122.955581,49.211183],[-122.955622,49.211216],[-122.956532,49.212141],[-122.956936,49.212469],[-122.957279,49.21275],[-122.957644,49.213039],[-122.957725,49.213103],[-122.957811,49.213169],[-122.958555,49.213789],[-122.959004,49.214116],[-122.95978,49.214699],[-122.960026,49.214897],[-122.960283,49.21512],[-122.96054,49.215346],[-122.960769,49.215647],[-122.960932,49.216199],[-122.960933,49.216742],[-122.960933,49.216836],[-122.960934,49.21718],[-122.960934,49.217997],[-122.960934,49.218409],[-122.960985,49.218446],[-122.961523,49.218442],[-122.96401,49.218421],[-122.964144,49.218421],[-122.964776,49.218418],[-122.96487,49.218473],[-122.965542,49.218587],[-122.96768,49.219046],[-122.967766,49.219064],[-122.968105,49.219135],[-122.968231,49.219158],[-122.968328,49.219137],[-122.970828,49.219664],[-122.972016,49.219925],[-122.972749,49.220088],[-122.972934,49.220131],[-122.973267,49.220209],[-122.973487,49.220261],[-122.97476,49.220561],[-122.97612,49.220919],[-122.976307,49.220978],[-122.977555,49.221373],[-122.978726,49.221734],[-122.978895,49.221786],[-122.979039,49.221832],[-122.97944,49.22196],[-122.98023,49.222218],[-122.980748,49.222373],[-122.981035,49.222475],[-122.982427,49.222912],[-122.983062,49.223118],[-122.984274,49.223514],[-122.984385,49.22355],[-122.98524,49.223823],[-122.985847,49.224016],[-122.986198,49.224128],[-122.986761,49.224308],[-122.987778,49.224632],[-122.988915,49.224995],[-122.990156,49.225399],[-122.990325,49.225452],[-122.991574,49.225862],[-122.991883,49.226009],[-122.994023,49.226722],[-122.994157,49.226767],[-122.994317,49.226823],[-122.994726,49.226953],[-122.995095,49.227079],[-122.996222,49.227448],[-122.996398,49.227509],[-122.996616,49.227578],[-122.997697,49.227916],[-122.998467,49.228155],[-122.999264,49.22842],[-123.001163,49.229077],[-123.002137,49.229391],[-123.002418,49.229485],[-123.002573,49.229531],[-123.002712,49.229579],[-123.002864,49.229634],[-123.004586,49.230195],[-123.004719,49.230237],[-123.004854,49.230281],[-123.00504,49.23034],[-123.006236,49.230737],[-123.007286,49.231086],[-123.007635,49.231146],[-123.007799,49.231204],[-123.00849,49.231421],[-123.009517,49.231766],[-123.009804,49.231862],[-123.010789,49.232181],[-123.011386,49.232348],[-123.012504,49.232597],[-123.012657,49.23264],[-123.01277,49.232665],[-123.01299,49.232713],[-123.013497,49.232774],[-123.014038,49.232811],[-123.014219,49.232817],[-123.014939,49.232847],[-123.01568,49.232837],[-123.01573,49.232833],[-123.015827,49.232827],[-123.017018,49.232772],[-123.018704,49.232629],[-123.019,49.232609],[-123.019322,49.232586],[-123.019547,49.232572],[-123.020204,49.232529],[-123.020505,49.232553],[-123.020658,49.232544],[-123.020753,49.232539],[-123.020851,49.232532],[-123.021364,49.23251],[-123.022006,49.232467],[-123.022828,49.232415],[-123.023245,49.232394],[-123.023279,49.232392],[-123.023391,49.232387],[-123.023587,49.232377],[-123.0237,49.232371],[-123.024816,49.232308],[-123.025515,49.232261],[-123.02591,49.232246],[-123.026477,49.232226],[-123.028135,49.232137],[-123.029267,49.232086],[-123.029773,49.232063],[-123.030285,49.232039],[-123.030596,49.232039],[-123.030942,49.232059],[-123.031113,49.232068],[-123.031391,49.232116],[-123.03178,49.232199],[-123.032127,49.232314],[-123.032458,49.232446],[-123.033171,49.23282],[-123.033979,49.233237],[-123.035698,49.234119],[-123.035725,49.234132],[-123.035808,49.234175],[-123.035903,49.234223],[-123.035963,49.234253],[-123.036811,49.234694],[-123.037787,49.235084],[-123.037902,49.235129],[-123.038672,49.235428],[-123.039067,49.235566],[-123.039492,49.235678],[-123.039894,49.23576],[-123.040335,49.235817],[-123.040714,49.235857],[-123.041252,49.235913],[-123.042148,49.235987],[-123.042245,49.235995],[-123.042492,49.236015],[-123.044213,49.236156],[-123.045004,49.236252],[-123.04549,49.236368],[-123.045806,49.236477],[-123.046653,49.236765],[-123.047578,49.237108],[-123.048052,49.237308],[-123.04868,49.237597],[-123.048824,49.237665],[-123.048911,49.237706],[-123.049566,49.238004],[-123.049965,49.238185],[-123.050156,49.238272],[-123.051567,49.238928],[-123.051877,49.239071],[-123.051983,49.239118],[-123.052097,49.239178],[-123.052517,49.239371],[-123.053211,49.239715],[-123.053846,49.240006],[-123.053881,49.240019],[-123.053986,49.240071],[-123.054099,49.240122],[-123.054606,49.240352],[-123.054907,49.240486],[-123.056381,49.24115],[-123.056909,49.241406],[-123.057442,49.241652],[-123.057864,49.241848],[-123.058001,49.241912],[-123.058129,49.241966],[-123.059102,49.242402],[-123.060706,49.243106],[-123.061365,49.243405],[-123.061764,49.243606],[-123.063658,49.244517],[-123.06429,49.244834],[-123.064547,49.244958],[-123.064956,49.245155],[-123.065169,49.245258],[-123.06586,49.245548],[-123.066504,49.245845],[-123.067217,49.246171],[-123.067825,49.24645],[-123.068617,49.246831],[-123.068679,49.246859],[-123.068757,49.246894],[-123.068923,49.246974],[-123.069935,49.247441],[-123.071294,49.248086],[-123.072075,49.24845],[-123.072158,49.248488],[-123.072438,49.248616],[-123.073094,49.248913],[-123.073423,49.249055],[-123.073534,49.249102],[-123.075832,49.250053],[-123.075963,49.250112],[-123.07615,49.250215],[-123.076718,49.250513],[-123.077785,49.251124],[-123.078199,49.251332],[-123.079891,49.252117],[-123.081793,49.253018],[-123.083549,49.253838],[-123.083697,49.253909],[-123.085608,49.254807],[-123.087412,49.255639],[-123.08893,49.25637],[-123.089602,49.256683],[-123.089712,49.256732],[-123.089844,49.256792],[-123.08995,49.256839],[-123.090791,49.257215],[-123.090981,49.257288],[-123.091461,49.257418],[-123.091759,49.257467],[-123.092272,49.257554],[-123.092459,49.257597],[-123.092943,49.257772],[-123.093118,49.257858],[-123.094384,49.258574],[-123.095117,49.258992],[-123.095745,49.259367],[-123.096035,49.259545],[-123.096243,49.259701],[-123.096391,49.259835],[-123.09668,49.260093],[-123.097678,49.261077],[-123.098579,49.261981],[-123.099407,49.262844],[-123.100124,49.263678],[-123.100399,49.263987],[-123.100501,49.264096],[-123.10053,49.264165],[-123.100769,49.264467],[-123.100795,49.264602],[-123.100792,49.265324],[-123.100846,49.2655],[-123.100811,49.266402],[-123.100776,49.267312],[-123.100753,49.267897],[-123.100756,49.268221],[-123.100675,49.268299],[-123.100639,49.268914],[-123.100631,49.268991],[-123.100619,49.269111],[-123.100587,49.26967],[-123.100574,49.270065],[-123.100569,49.270142],[-123.100567,49.270195],[-123.100554,49.270485],[-123.100528,49.270705],[-123.100506,49.270895],[-123.100431,49.271092],[-123.10012,49.27164],[-123.100001,49.271913],[-123.09997,49.272067],[-123.099958,49.272618],[-123.09995,49.272708],[-123.099939,49.272868],[-123.099937,49.272949],[-123.099844,49.274791],[-123.099836,49.274922],[-123.099793,49.276019],[-123.099786,49.276767],[-123.099784,49.276926],[-123.099742,49.27756],[-123.099934,49.277557],[-123.099982,49.277557],[-123.100035,49.277554],[-123.100458,49.277544],[-123.102732,49.277454],[-123.103601,49.277455],[-123.103773,49.277447],[-123.104121,49.277448],[-123.104773,49.277481],[-123.105321,49.277525],[-123.106161,49.27765],[-123.106683,49.277756],[-123.107398,49.27797],[-123.108146,49.278295],[-123.108583,49.278535],[-123.108955,49.278769],[-123.10982,49.279343],[-123.109944,49.279423],[-123.11003,49.279479],[-123.110452,49.279792],[-123.110548,49.279855],[-123.110644,49.279917],[-123.110765,49.279991],[-123.111534,49.280465],[-123.112511,49.281096],[-123.112996,49.280769],[-123.113885,49.280182],[-123.114219,49.279973],[-123.115198,49.28058],[-123.115678,49.280907],[-123.116154,49.281222],[-123.116652,49.281543],[-123.117039,49.281794],[-123.117135,49.281856],[-123.117214,49.281907],[-123.118051,49.282435],[-123.118117,49.282479],[-123.11821,49.28254],[-123.119039,49.28308],[-123.119115,49.283129],[-123.119205,49.283188],[-123.119602,49.283446],[-123.120005,49.283708],[-123.120036,49.283729],[-123.120095,49.283764],[-123.120013,49.283819]]","243887.7"
"6","1","6","0","2018-08-16T15:41Z","2018-08-16T15:41Z","0","0","47.318624","-123.132042","47.476803","-122.259781","47.318624","-123.132042","49.283819","-123.120013","0","0","[[-123.132042,47.318624],[-123.13154,47.318767],[-123.131218,47.318891],[-123.130928,47.319051],[-123.130295,47.319553],[-123.126733,47.323257],[-123.12545,47.324455],[-123.125017,47.324773],[-123.124555,47.325058],[-123.121927,47.326745],[-123.120381,47.327678],[-123.119359,47.328341],[-123.118729,47.328805],[-123.118117,47.329547],[-123.117201,47.330556],[-123.116722,47.331112],[-123.116374,47.331679],[-123.115592,47.333522],[-123.11525,47.334084],[-123.114947,47.334419],[-123.114598,47.334651],[-123.114023,47.335071],[-123.112742,47.33604],[-123.112186,47.336505],[-123.111657,47.337047],[-123.111359,47.337499],[-123.11065,47.338854],[-123.11006,47.339792],[-123.109962,47.340321],[-123.109352,47.342889],[-123.108783,47.34467],[-123.10874,47.345135],[-123.108461,47.347156],[-123.108086,47.347869],[-123.107667,47.348712],[-123.107088,47.349831],[-123.106755,47.350891],[-123.106362,47.352509],[-123.106347,47.354116],[-123.106015,47.354978],[-123.105821,47.355819],[-123.105661,47.356271],[-123.105407,47.356557],[-123.105101,47.356825],[-123.104642,47.357071],[-123.104279,47.357164],[-123.103921,47.357202],[-123.103593,47.357207],[-123.103062,47.357168],[-123.101955,47.357156],[-123.100591,47.357192],[-123.100352,47.357155],[-123.099861,47.357009],[-123.099498,47.356881],[-123.098976,47.356751],[-123.096972,47.356555],[-123.096243,47.356533],[-123.094567,47.356613],[-123.093312,47.356628],[-123.092191,47.356569],[-123.090243,47.356406],[-123.089364,47.356301],[-123.088828,47.356177],[-123.087726,47.355863],[-123.087527,47.355824],[-123.087154,47.35581],[-123.086967,47.355837],[-123.08637,47.355891],[-123.086038,47.355891],[-123.085715,47.355845],[-123.08432,47.355551],[-123.083868,47.355412],[-123.083463,47.355209],[-123.083151,47.355004],[-123.082956,47.354811],[-123.082728,47.3545],[-123.082047,47.353587],[-123.081419,47.352884],[-123.080692,47.352346],[-123.080501,47.352222],[-123.08028,47.35217],[-123.080068,47.352143],[-123.079839,47.352146],[-123.079796,47.35165],[-123.079503,47.351648],[-123.07905,47.351615],[-123.078426,47.351653],[-123.076633,47.351706],[-123.076415,47.351526],[-123.076366,47.350553],[-123.076323,47.350314],[-123.076309,47.349646],[-123.076057,47.349596],[-123.075624,47.349616],[-123.073456,47.349682],[-123.073768,47.349268],[-123.074125,47.348682],[-123.074168,47.348508],[-123.074109,47.34826],[-123.073974,47.347999],[-123.073546,47.347677],[-123.072406,47.346988],[-123.072098,47.346797],[-123.071763,47.346642],[-123.07119,47.346531],[-123.07082,47.346522],[-123.069732,47.346573],[-123.068464,47.346598],[-123.067691,47.346623],[-123.067311,47.346698],[-123.066985,47.346829],[-123.066747,47.346948],[-123.066023,47.347459],[-123.065481,47.347801],[-123.064678,47.348102],[-123.062736,47.348606],[-123.061947,47.348765],[-123.060992,47.348935],[-123.060094,47.349055],[-123.059464,47.349118],[-123.054623,47.349634],[-123.054035,47.349667],[-123.053669,47.349672],[-123.053335,47.349648],[-123.052984,47.349556],[-123.052345,47.34935],[-123.051523,47.349108],[-123.051062,47.349027],[-123.050457,47.348974],[-123.049903,47.34895],[-123.046778,47.348989],[-123.046528,47.349029],[-123.046283,47.349107],[-123.045124,47.349542],[-123.044799,47.349623],[-123.044465,47.349635],[-123.044154,47.349617],[-123.041289,47.349042],[-123.040895,47.349002],[-123.040693,47.349],[-123.040444,47.349031],[-123.038931,47.349343],[-123.037607,47.349571],[-123.036778,47.349734],[-123.035645,47.350105],[-123.033938,47.350854],[-123.033572,47.350932],[-123.03308,47.350985],[-123.032669,47.350974],[-123.030358,47.35068],[-123.029792,47.350697],[-123.029292,47.350794],[-123.026146,47.351828],[-123.024919,47.352233],[-123.020209,47.353557],[-123.018965,47.354036],[-123.018087,47.354502],[-123.01772,47.354698],[-123.016273,47.355681],[-123.015482,47.356459],[-123.014714,47.357269],[-123.013573,47.358098],[-123.013356,47.358243],[-123.011478,47.359495],[-123.009802,47.360596],[-123.008299,47.36162],[-123.007185,47.362202],[-123.006126,47.362835],[-123.004715,47.363592],[-123.004255,47.363702],[-123.003796,47.363781],[-123.003055,47.363945],[-123.002639,47.364149],[-123.002287,47.364374],[-123.00125,47.365226],[-122.999142,47.366749],[-122.998435,47.367291],[-122.997715,47.367807],[-122.996855,47.368365],[-122.995975,47.368879],[-122.994472,47.369607],[-122.993033,47.370389],[-122.992543,47.370625],[-122.99185,47.370847],[-122.990904,47.371111],[-122.990559,47.371266],[-122.990158,47.371523],[-122.989261,47.372251],[-122.988914,47.372472],[-122.988171,47.372821],[-122.986892,47.373385],[-122.986611,47.373483],[-122.986253,47.373551],[-122.985527,47.373606],[-122.985335,47.373637],[-122.985182,47.373695],[-122.984187,47.374199],[-122.983747,47.374307],[-122.98256,47.374501],[-122.982141,47.3746],[-122.981242,47.374865],[-122.980308,47.375196],[-122.97999,47.375356],[-122.979289,47.375943],[-122.978979,47.37616],[-122.978653,47.376318],[-122.977906,47.376588],[-122.97687,47.37693],[-122.975746,47.377235],[-122.974775,47.377474],[-122.974613,47.377519],[-122.973769,47.37773],[-122.97313,47.377868],[-122.97244,47.378007],[-122.971715,47.378091],[-122.970935,47.378074],[-122.97013,47.378061],[-122.969637,47.378078],[-122.969214,47.378135],[-122.96816,47.378347],[-122.967847,47.378424],[-122.967407,47.378495],[-122.966954,47.37853],[-122.964845,47.378623],[-122.96162,47.378864],[-122.960967,47.378971],[-122.960352,47.379072],[-122.959761,47.379185],[-122.959372,47.379195],[-122.959007,47.379241],[-122.958752,47.379291],[-122.958458,47.379403],[-122.957572,47.379819],[-122.957141,47.380011],[-122.956998,47.380053],[-122.956123,47.380308],[-122.953968,47.380788],[-122.950217,47.381332],[-122.949567,47.381454],[-122.948976,47.381547],[-122.948468,47.381644],[-122.945529,47.382387],[-122.944571,47.382507],[-122.943634,47.382597],[-122.942021,47.382393],[-122.941467,47.382436],[-122.940938,47.382568],[-122.937514,47.383713],[-122.933195,47.385008],[-122.930446,47.386137],[-122.92862,47.386862],[-122.928071,47.387021],[-122.927418,47.387101],[-122.92563,47.387205],[-122.923691,47.387355],[-122.923268,47.387446],[-122.922864,47.387568],[-122.920738,47.388342],[-122.920257,47.388494],[-122.919792,47.38859],[-122.919334,47.388606],[-122.918931,47.388574],[-122.916371,47.388234],[-122.915544,47.388103],[-122.914989,47.388029],[-122.914576,47.388016],[-122.914128,47.388064],[-122.913438,47.388206],[-122.912591,47.388421],[-122.912182,47.388563],[-122.9117,47.388776],[-122.909476,47.390155],[-122.907357,47.391321],[-122.905774,47.392349],[-122.90455,47.393309],[-122.903095,47.394759],[-122.902447,47.395442],[-122.902226,47.395687],[-122.901961,47.395921],[-122.901623,47.396151],[-122.900348,47.396821],[-122.899844,47.397112],[-122.895234,47.401056],[-122.894794,47.401556],[-122.894187,47.402424],[-122.89378,47.40294],[-122.893311,47.403338],[-122.892625,47.403875],[-122.892097,47.404177],[-122.889738,47.405185],[-122.886682,47.406459],[-122.886234,47.40663],[-122.885849,47.406791],[-122.88528,47.407032],[-122.884491,47.407336],[-122.883785,47.407543],[-122.883708,47.407564],[-122.883375,47.407601],[-122.883093,47.407618],[-122.882786,47.407611],[-122.882253,47.407613],[-122.881718,47.407615],[-122.881333,47.407677],[-122.880896,47.40778],[-122.878545,47.408438],[-122.878245,47.408542],[-122.877903,47.408687],[-122.877607,47.408884],[-122.877299,47.409194],[-122.877005,47.40961],[-122.876546,47.410416],[-122.876373,47.410729],[-122.876135,47.410976],[-122.875828,47.411221],[-122.873787,47.412546],[-122.873303,47.412891],[-122.87302,47.413184],[-122.872796,47.413615],[-122.872489,47.414184],[-122.872286,47.414361],[-122.872054,47.414549],[-122.871632,47.414882],[-122.870082,47.415805],[-122.869206,47.416447],[-122.86776,47.417682],[-122.865718,47.419328],[-122.86219,47.422313],[-122.861559,47.422757],[-122.860579,47.423284],[-122.859535,47.423854],[-122.85897,47.424182],[-122.85833,47.424609],[-122.856961,47.425595],[-122.855736,47.426433],[-122.855574,47.426563],[-122.854931,47.426974],[-122.854357,47.427362],[-122.853953,47.42758],[-122.853496,47.427758],[-122.85192,47.428226],[-122.851125,47.428533],[-122.850208,47.428939],[-122.84957,47.42926],[-122.849052,47.429531],[-122.848419,47.429836],[-122.847223,47.430331],[-122.846836,47.430408],[-122.846665,47.430406],[-122.84541,47.43024],[-122.845139,47.430234],[-122.844931,47.430249],[-122.84471,47.430308],[-122.84452,47.430388],[-122.841258,47.432561],[-122.841095,47.432613],[-122.840959,47.432608],[-122.840701,47.432545],[-122.840064,47.433592],[-122.839186,47.435043],[-122.839006,47.435339],[-122.838545,47.435861],[-122.838201,47.436079],[-122.837778,47.436292],[-122.836887,47.436703],[-122.836485,47.436986],[-122.836319,47.437134],[-122.836082,47.437425],[-122.835814,47.437828],[-122.835557,47.438278],[-122.83524,47.438808],[-122.834972,47.439167],[-122.83479,47.439432],[-122.834592,47.439769],[-122.834494,47.439911],[-122.834033,47.440647],[-122.833282,47.441819],[-122.832349,47.443318],[-122.83185,47.444042],[-122.831563,47.444449],[-122.831179,47.445036],[-122.830267,47.446445],[-122.829902,47.446956],[-122.827841,47.450226],[-122.827278,47.450993],[-122.826914,47.451331],[-122.82662,47.451553],[-122.826121,47.451868],[-122.825276,47.452267],[-122.823953,47.452753],[-122.822647,47.453199],[-122.822226,47.453341],[-122.821443,47.453653],[-122.820574,47.454161],[-122.820032,47.454632],[-122.819973,47.454705],[-122.819174,47.455724],[-122.818589,47.456482],[-122.817688,47.457636],[-122.816983,47.45861],[-122.815842,47.460087],[-122.815488,47.460472],[-122.815284,47.460689],[-122.81399,47.46156],[-122.813046,47.462131],[-122.811563,47.463068],[-122.811411,47.463177],[-122.81126,47.463274],[-122.810566,47.46376],[-122.80999,47.463461],[-122.80917,47.462873],[-122.808206,47.462585],[-122.806709,47.463365],[-122.804283,47.46373],[-122.800968,47.464031],[-122.799767,47.464141],[-122.798789,47.464438],[-122.797609,47.464964],[-122.794372,47.46661],[-122.792282,47.467364],[-122.791405,47.467981],[-122.790191,47.468552],[-122.789753,47.468895],[-122.7881,47.470792],[-122.78756,47.471226],[-122.786987,47.471455],[-122.786585,47.471545],[-122.786216,47.471678],[-122.786088,47.471793],[-122.784125,47.47056],[-122.782005,47.469225],[-122.780781,47.468448],[-122.778412,47.466951],[-122.777821,47.466577],[-122.776163,47.465531],[-122.775979,47.465417],[-122.775879,47.465355],[-122.775508,47.465164],[-122.775275,47.465064],[-122.775144,47.465017],[-122.775044,47.464981],[-122.774827,47.464915],[-122.774407,47.464815],[-122.773999,47.46475],[-122.773785,47.464731],[-122.773194,47.464714],[-122.772564,47.464766],[-122.772443,47.464785],[-122.772144,47.46483],[-122.768164,47.465458],[-122.767925,47.465495],[-122.767361,47.465562],[-122.767041,47.465582],[-122.767005,47.465586],[-122.766439,47.465606],[-122.765858,47.465598],[-122.765208,47.465552],[-122.764715,47.465492],[-122.763813,47.465324],[-122.763287,47.465187],[-122.762574,47.464948],[-122.762009,47.464723],[-122.761731,47.464609],[-122.761158,47.464411],[-122.760927,47.46435],[-122.760637,47.464284],[-122.760132,47.464205],[-122.759801,47.464172],[-122.759288,47.464149],[-122.758785,47.464166],[-122.752643,47.464462],[-122.748572,47.464663],[-122.747959,47.46469],[-122.747373,47.464689],[-122.746823,47.464653],[-122.746346,47.464586],[-122.745885,47.464498],[-122.745423,47.464384],[-122.744143,47.463956],[-122.743689,47.463828],[-122.742703,47.46361],[-122.742104,47.463518],[-122.741139,47.463431],[-122.740417,47.463407],[-122.739643,47.463424],[-122.739164,47.463455],[-122.738739,47.4635],[-122.738527,47.46353],[-122.733399,47.464263],[-122.727783,47.465073],[-122.727032,47.465151],[-122.726659,47.465179],[-122.7264,47.465192],[-122.724942,47.465205],[-122.724744,47.465189],[-122.724625,47.465155],[-122.724517,47.465128],[-122.724418,47.46508],[-122.724285,47.464974],[-122.724282,47.464955],[-122.724255,47.464901],[-122.72424,47.464885],[-122.724223,47.46487],[-122.724157,47.464834],[-122.72405,47.464813],[-122.724022,47.464812],[-122.723998,47.464817],[-122.723917,47.464855],[-122.72387,47.464914],[-122.723865,47.464931],[-122.723775,47.465053],[-122.723591,47.465228],[-122.723427,47.465457],[-122.722117,47.467183],[-122.721837,47.467486],[-122.721384,47.467883],[-122.720885,47.468221],[-122.72051,47.468424],[-122.720203,47.468569],[-122.719886,47.4687],[-122.71947,47.468847],[-122.716829,47.469645],[-122.71355,47.470649],[-122.7109,47.471456],[-122.707566,47.472475],[-122.707061,47.472629],[-122.706525,47.472791],[-122.703008,47.473868],[-122.702308,47.474075],[-122.701574,47.474259],[-122.700803,47.474378],[-122.700502,47.474404],[-122.700441,47.474407],[-122.700357,47.474411],[-122.69603,47.474635],[-122.695255,47.474675],[-122.692636,47.474799],[-122.691124,47.474885],[-122.687488,47.475065],[-122.684955,47.475205],[-122.68459,47.475225],[-122.68432,47.475261],[-122.683804,47.475349],[-122.683558,47.475406],[-122.683309,47.475465],[-122.682845,47.475603],[-122.682395,47.475778],[-122.681768,47.476084],[-122.681166,47.476464],[-122.680983,47.476604],[-122.678851,47.478387],[-122.67823,47.478869],[-122.677983,47.479032],[-122.677503,47.4793],[-122.676784,47.479605],[-122.675775,47.479961],[-122.674624,47.480368],[-122.673204,47.480825],[-122.672487,47.481082],[-122.672207,47.481209],[-122.67207,47.481291],[-122.671967,47.481354],[-122.671153,47.481923],[-122.670704,47.482169],[-122.670595,47.48221],[-122.670257,47.482349],[-122.669904,47.482486],[-122.669333,47.482708],[-122.668366,47.483085],[-122.6682,47.483158],[-122.668015,47.483242],[-122.667745,47.483377],[-122.667563,47.483474],[-122.667388,47.48358],[-122.667281,47.483649],[-122.6671,47.48378],[-122.667004,47.483853],[-122.666903,47.483932],[-122.66664,47.484167],[-122.666353,47.484458],[-122.666244,47.484591],[-122.666147,47.484721],[-122.666054,47.484853],[-122.665997,47.484941],[-122.665941,47.48503],[-122.665502,47.485804],[-122.665358,47.48605],[-122.664794,47.487012],[-122.664627,47.487309],[-122.664528,47.487476],[-122.664222,47.488011],[-122.663867,47.488557],[-122.663655,47.488926],[-122.663172,47.489763],[-122.663011,47.490098],[-122.662952,47.490269],[-122.662848,47.490678],[-122.662824,47.490937],[-122.662834,47.491349],[-122.662834,47.491362],[-122.662846,47.49216],[-122.662827,47.492326],[-122.66271,47.492783],[-122.662569,47.493136],[-122.662401,47.493373],[-122.662152,47.493617],[-122.661867,47.493843],[-122.661478,47.494088],[-122.661369,47.49414],[-122.661339,47.494155],[-122.661024,47.49428],[-122.659996,47.494644],[-122.65976,47.494741],[-122.65953,47.494853],[-122.659316,47.494962],[-122.659232,47.495013],[-122.65709,47.496573],[-122.65673,47.496833],[-122.656623,47.49691],[-122.656191,47.497196],[-122.65586,47.497361],[-122.655749,47.497405],[-122.655659,47.49744],[-122.65542,47.497521],[-122.65506,47.497612],[-122.654889,47.497645],[-122.654739,47.49767],[-122.654493,47.497695],[-122.654435,47.497698],[-122.654341,47.4977],[-122.653864,47.4977],[-122.653766,47.4977],[-122.653279,47.497698],[-122.653055,47.497697],[-122.652867,47.497699],[-122.652502,47.497697],[-122.652189,47.497698],[-122.651995,47.497698],[-122.651429,47.497699],[-122.650902,47.497715],[-122.650028,47.497722],[-122.649715,47.497742],[-122.649293,47.497822],[-122.64909,47.49788],[-122.6489,47.497946],[-122.648544,47.498109],[-122.64823,47.498308],[-122.648181,47.498343],[-122.648101,47.498401],[-122.64778,47.498722],[-122.647704,47.498839],[-122.64739,47.499399],[-122.64725,47.499638],[-122.647184,47.499743],[-122.647108,47.499861],[-122.647025,47.499963],[-122.646632,47.50032],[-122.646549,47.500391],[-122.64599,47.500902],[-122.645439,47.501388],[-122.644835,47.501934],[-122.644137,47.502532],[-122.644042,47.502629],[-122.6439,47.502788],[-122.643473,47.503314],[-122.643285,47.503531],[-122.642842,47.504062],[-122.642615,47.504292],[-122.642396,47.50445],[-122.642108,47.504615],[-122.641958,47.504677],[-122.641593,47.504796],[-122.64144,47.504825],[-122.641051,47.504877],[-122.64081,47.504892],[-122.639474,47.504898],[-122.636239,47.504905],[-122.634095,47.504909],[-122.633015,47.504902],[-122.631968,47.504896],[-122.631676,47.504894],[-122.631484,47.504893],[-122.631303,47.504892],[-122.630665,47.50489],[-122.629514,47.504887],[-122.627636,47.504879],[-122.627179,47.504878],[-122.626597,47.504878],[-122.626128,47.504877],[-122.625112,47.504873],[-122.624533,47.504872],[-122.624459,47.504872],[-122.623876,47.504868],[-122.622779,47.504861],[-122.621476,47.504854],[-122.620792,47.504849],[-122.62062,47.504848],[-122.6202,47.504848],[-122.618914,47.504835],[-122.618092,47.504832],[-122.617558,47.504828],[-122.616599,47.504826],[-122.616023,47.504818],[-122.615431,47.504814],[-122.611803,47.504791],[-122.611307,47.504788],[-122.610783,47.504785],[-122.610287,47.504782],[-122.610125,47.504782],[-122.609085,47.504788],[-122.608366,47.504793],[-122.607927,47.504797],[-122.606075,47.504832],[-122.60547,47.504833],[-122.604766,47.504833],[-122.602818,47.504851],[-122.601132,47.504852],[-122.599444,47.504869],[-122.595285,47.504885],[-122.594734,47.504889],[-122.594102,47.504898],[-122.592969,47.504916],[-122.588988,47.504957],[-122.588366,47.504963],[-122.587095,47.505001],[-122.582595,47.505056],[-122.578287,47.50513],[-122.572714,47.505214],[-122.568292,47.505279],[-122.563305,47.505276],[-122.56183,47.505256],[-122.55377,47.505183],[-122.551113,47.505147],[-122.545757,47.505083],[-122.542987,47.505052],[-122.541637,47.505031],[-122.540387,47.50502],[-122.538525,47.504998],[-122.537768,47.504987],[-122.535976,47.504964],[-122.535063,47.504955],[-122.533135,47.504934],[-122.53171,47.50493],[-122.530634,47.50492],[-122.530523,47.504919],[-122.529973,47.504901],[-122.529867,47.504897],[-122.52888,47.504873],[-122.527982,47.504866],[-122.524408,47.50482],[-122.5194,47.504824],[-122.51899,47.504823],[-122.517698,47.504824],[-122.515161,47.504827],[-122.513604,47.504825],[-122.511425,47.504837],[-122.510353,47.50485],[-122.507593,47.504857],[-122.506816,47.504881],[-122.506322,47.504944],[-122.505864,47.505029],[-122.505413,47.50514],[-122.504798,47.505341],[-122.504383,47.505514],[-122.504037,47.505683],[-122.503842,47.505794],[-122.503298,47.506158],[-122.502906,47.506487],[-122.501409,47.508029],[-122.501225,47.508256],[-122.501136,47.508412],[-122.501099,47.50849],[-122.50107,47.508578],[-122.501028,47.508802],[-122.501044,47.510568],[-122.501051,47.511552],[-122.501055,47.512057],[-122.501054,47.512084],[-122.501052,47.51214],[-122.500575,47.512139],[-122.500519,47.512136],[-122.500412,47.512123],[-122.500364,47.512112],[-122.500166,47.512023],[-122.5,47.512036],[-122.498724,47.511964],[-122.497409,47.511942],[-122.497317,47.511969],[-122.497152,47.512004],[-122.496994,47.51205],[-122.496702,47.512174],[-122.496454,47.512336],[-122.496412,47.512414],[-122.496396,47.512491],[-122.495877,47.512966],[-122.494935,47.513965],[-122.493425,47.515221],[-122.490808,47.516115],[-122.484524,47.516951],[-122.409105,47.522805],[-122.399835,47.523355],[-122.396458,47.523184],[-122.395631,47.523218],[-122.394908,47.523221],[-122.39369,47.523226],[-122.39363,47.523226],[-122.393505,47.523214],[-122.393353,47.523201],[-122.393384,47.523114],[-122.393173,47.522991],[-122.393131,47.522907],[-122.39298,47.522907],[-122.392968,47.522869],[-122.39285,47.522551],[-122.392844,47.522454],[-122.392871,47.52231],[-122.392913,47.522177],[-122.392919,47.522155],[-122.392919,47.522016],[-122.392894,47.521964],[-122.39207,47.521547],[-122.391157,47.521091],[-122.390925,47.521014],[-122.390404,47.520857],[-122.390229,47.520807],[-122.390241,47.52072],[-122.390293,47.520447],[-122.390346,47.520338],[-122.390385,47.520259],[-122.390598,47.519882],[-122.390954,47.519257],[-122.391031,47.519089],[-122.391177,47.518579],[-122.391181,47.518363],[-122.391194,47.518034],[-122.391194,47.517609],[-122.391194,47.51754],[-122.391188,47.517325],[-122.391209,47.517211],[-122.391322,47.516921],[-122.391433,47.516546],[-122.39149,47.516153],[-122.391512,47.515823],[-122.391488,47.515183],[-122.391467,47.515063],[-122.39146,47.514954],[-122.391432,47.514818],[-122.391396,47.514672],[-122.391088,47.513344],[-122.391042,47.513174],[-122.39097,47.512959],[-122.39075,47.512517],[-122.390509,47.512117],[-122.390297,47.511846],[-122.390122,47.511643],[-122.389956,47.511492],[-122.389766,47.511343],[-122.389283,47.511017],[-122.388771,47.510684],[-122.388631,47.51057],[-122.388583,47.510529],[-122.388354,47.510303],[-122.388153,47.510071],[-122.388072,47.50989],[-122.387975,47.509546],[-122.387817,47.508447],[-122.387816,47.508293],[-122.38707,47.508282],[-122.386378,47.508276],[-122.385703,47.508271],[-122.384991,47.508264],[-122.384283,47.508258],[-122.383611,47.508258],[-122.382899,47.508258],[-122.381502,47.508248],[-122.376053,47.508209],[-122.375943,47.508208],[-122.375833,47.508207],[-122.374689,47.508198],[-122.373393,47.508202],[-122.372114,47.508207],[-122.370938,47.508201],[-122.368346,47.508212],[-122.367421,47.508213],[-122.367022,47.508213],[-122.365816,47.508213],[-122.36555,47.508201],[-122.364794,47.508143],[-122.364334,47.508098],[-122.363398,47.508005],[-122.363195,47.507939],[-122.363109,47.507873],[-122.362815,47.507434],[-122.362706,47.507311],[-122.362603,47.50723],[-122.3625,47.507184],[-122.362354,47.507143],[-122.361976,47.507131],[-122.361522,47.507125],[-122.360441,47.507122],[-122.359135,47.507117],[-122.358482,47.507117],[-122.357806,47.507117],[-122.35712,47.507116],[-122.356465,47.507114],[-122.355784,47.507112],[-122.355506,47.507112],[-122.355475,47.507112],[-122.355122,47.507111],[-122.354784,47.507116],[-122.354578,47.507118],[-122.354431,47.50712],[-122.354369,47.507121],[-122.354017,47.507126],[-122.353819,47.507128],[-122.353031,47.507141],[-122.35247,47.507151],[-122.351783,47.507161],[-122.350009,47.507188],[-122.349969,47.506495],[-122.34866,47.506523],[-122.347343,47.506539],[-122.344689,47.506582],[-122.342377,47.506639],[-122.341953,47.506647],[-122.34121,47.506653],[-122.340764,47.506656],[-122.339965,47.506662],[-122.339279,47.506668],[-122.339136,47.506666],[-122.339019,47.506668],[-122.338005,47.506685],[-122.337791,47.506689],[-122.336955,47.506703],[-122.336401,47.506712],[-122.33586,47.506721],[-122.335027,47.506735],[-122.334796,47.506739],[-122.334171,47.506749],[-122.334027,47.506752],[-122.333643,47.506758],[-122.332021,47.506763],[-122.331775,47.506744],[-122.331684,47.50672],[-122.331583,47.506651],[-122.331544,47.506598],[-122.331696,47.506539],[-122.331147,47.505877],[-122.331083,47.505748],[-122.331092,47.503129],[-122.329833,47.503115],[-122.328061,47.503103],[-122.328048,47.503013],[-122.32798,47.502866],[-122.327886,47.502772],[-122.326827,47.50204],[-122.326738,47.501995],[-122.326644,47.501958],[-122.326511,47.501906],[-122.326492,47.502076],[-122.326412,47.502272],[-122.32632,47.502381],[-122.326061,47.502571],[-122.325825,47.502675],[-122.325717,47.502705],[-122.325589,47.502728],[-122.325463,47.502743],[-122.324357,47.502752],[-122.324207,47.502753],[-122.323909,47.502781],[-122.323861,47.502791],[-122.323812,47.502807],[-122.323692,47.502854],[-122.323351,47.502979],[-122.323272,47.503008],[-122.323226,47.503025],[-122.323123,47.503048],[-122.323043,47.503052],[-122.322945,47.503053],[-122.32253,47.503054],[-122.322471,47.503055],[-122.321879,47.50306],[-122.321288,47.503044],[-122.320556,47.503037],[-122.32044,47.503037],[-122.31788,47.503031],[-122.317203,47.503014],[-122.316657,47.502968],[-122.316333,47.502912],[-122.315832,47.502787],[-122.315685,47.502739],[-122.315617,47.502717],[-122.31529,47.502592],[-122.314981,47.502446],[-122.314582,47.502193],[-122.314352,47.502009],[-122.314087,47.501722],[-122.313872,47.501453],[-122.312729,47.499433],[-122.312566,47.499123],[-122.312252,47.498623],[-122.312108,47.498423],[-122.311999,47.498319],[-122.311859,47.498219],[-122.311792,47.498182],[-122.311675,47.498138],[-122.311467,47.498091],[-122.310364,47.497923],[-122.309921,47.497886],[-122.309779,47.497874],[-122.309345,47.497838],[-122.309089,47.497804],[-122.309022,47.497786],[-122.308953,47.497752],[-122.307881,47.498476],[-122.30783,47.498511],[-122.307459,47.498786],[-122.307195,47.498977],[-122.3071,47.499046],[-122.306896,47.499205],[-122.306771,47.499317],[-122.306627,47.499312],[-122.306411,47.499311],[-122.306143,47.499306],[-122.305952,47.49931],[-122.305641,47.499309],[-122.305285,47.499279],[-122.305092,47.499279],[-122.304786,47.499286],[-122.304648,47.499305],[-122.30451,47.499307],[-122.304066,47.499305],[-122.30243,47.499325],[-122.302271,47.499369],[-122.302169,47.499416],[-122.302036,47.499502],[-122.301781,47.499775],[-122.301647,47.499914],[-122.30143,47.500063],[-122.301179,47.500151],[-122.301034,47.50018],[-122.300872,47.500189],[-122.300631,47.500175],[-122.2994,47.500005],[-122.299249,47.499963],[-122.299102,47.499899],[-122.298771,47.499719],[-122.298242,47.499406],[-122.297969,47.499254],[-122.297543,47.498942],[-122.297505,47.498892],[-122.297049,47.498257],[-122.296825,47.497978],[-122.296692,47.497874],[-122.296572,47.497794],[-122.296445,47.497737],[-122.296305,47.497693],[-122.295972,47.497646],[-122.295815,47.497633],[-122.295295,47.497608],[-122.294931,47.497529],[-122.294082,47.497363],[-122.292863,47.49721],[-122.292186,47.49713],[-122.2915,47.497142],[-122.291022,47.497168],[-122.288749,47.497396],[-122.287848,47.497408],[-122.287301,47.497364],[-122.28694,47.497317],[-122.28633,47.497201],[-122.285605,47.497024],[-122.284998,47.496778],[-122.284434,47.496511],[-122.283872,47.496175],[-122.283313,47.495748],[-122.2828,47.495098],[-122.282515,47.494559],[-122.282378,47.49411],[-122.282295,47.493741],[-122.281814,47.490857],[-122.281698,47.490504],[-122.281342,47.4898],[-122.281091,47.489489],[-122.28087,47.489256],[-122.28072,47.489114],[-122.280508,47.488931],[-122.280118,47.488643],[-122.279039,47.487919],[-122.278661,47.487617],[-122.278206,47.487223],[-122.277839,47.486809],[-122.277752,47.486677],[-122.277631,47.486344],[-122.277561,47.485754],[-122.27753,47.485648],[-122.277423,47.485445],[-122.277283,47.485274],[-122.276963,47.484927],[-122.276778,47.485],[-122.276546,47.485112],[-122.276455,47.485168],[-122.276252,47.485292],[-122.275994,47.485466],[-122.27576,47.485629],[-122.275254,47.48598],[-122.274921,47.486211],[-122.274445,47.485908],[-122.274139,47.485712],[-122.273856,47.48555],[-122.273588,47.485396],[-122.273461,47.485324],[-122.272932,47.485033],[-122.272734,47.484921],[-122.272433,47.484753],[-122.272289,47.484673],[-122.271762,47.484378],[-122.271332,47.484129],[-122.270971,47.483928],[-122.270133,47.483426],[-122.269618,47.483132],[-122.269539,47.483088],[-122.269327,47.482964],[-122.269082,47.482819],[-122.268931,47.48273],[-122.268367,47.482397],[-122.268219,47.482311],[-122.26772,47.482017],[-122.267286,47.481761],[-122.267063,47.48163],[-122.266524,47.481312],[-122.265953,47.480938],[-122.265735,47.480796],[-122.265015,47.480303],[-122.263989,47.479602],[-122.263419,47.479212],[-122.262824,47.478805],[-122.262616,47.478667],[-122.262497,47.478589],[-122.262162,47.478367],[-122.261875,47.478177],[-122.26152,47.477942],[-122.261253,47.477767],[-122.260909,47.477541],[-122.260283,47.477132],[-122.260215,47.477087],[-122.260115,47.477022],[-122.259781,47.476803],[-122.260215,47.477087],[-122.260283,47.477132],[-122.260909,47.477541],[-122.261253,47.477767],[-122.26152,47.477942],[-122.261875,47.478177],[-122.262162,47.478367],[-122.262497,47.478589],[-122.262616,47.478667],[-122.262824,47.478805],[-122.263419,47.479212],[-122.263989,47.479602],[-122.265015,47.480303],[-122.265735,47.480796],[-122.265953,47.480938],[-122.266524,47.481312],[-122.267063,47.48163],[-122.267286,47.481761],[-122.26772,47.482017],[-122.268219,47.482311],[-122.268367,47.482397],[-122.268931,47.48273],[-122.269082,47.482819],[-122.269327,47.482964],[-122.269402,47.483057],[-122.269488,47.483261],[-122.269508,47.483366],[-122.269262,47.483888],[-122.269144,47.484242],[-122.268936,47.484602],[-122.268739,47.484831],[-122.268682,47.484887],[-122.268112,47.485355],[-122.267434,47.486034],[-122.265747,47.487345],[-122.265203,47.487855],[-122.264864,47.48823],[-122.264634,47.488582],[-122.264425,47.488992],[-122.264327,47.489299],[-122.264271,47.489572],[-122.26424,47.489901],[-122.264238,47.490266],[-122.264295,47.490613],[-122.264408,47.490964],[-122.264565,47.491295],[-122.264794,47.491631],[-122.264985,47.491886],[-122.265266,47.4922],[-122.265781,47.492675],[-122.271467,47.497366],[-122.272531,47.498338],[-122.273718,47.49948],[-122.27429,47.50022],[-122.274974,47.500926],[-122.277311,47.503184],[-122.277672,47.503664],[-122.277811,47.503859],[-122.27799,47.504277],[-122.278077,47.504458],[-122.278174,47.504753],[-122.27824,47.505136],[-122.278266,47.50575],[-122.27824,47.506898],[-122.27825,47.507157],[-122.278267,47.507602],[-122.27826,47.50802],[-122.278276,47.509683],[-122.278277,47.509842],[-122.278421,47.511465],[-122.278591,47.512852],[-122.278685,47.513496],[-122.278711,47.513723],[-122.278787,47.514418],[-122.278841,47.514906],[-122.2789,47.515447],[-122.279039,47.51632],[-122.279097,47.51661],[-122.279117,47.516712],[-122.279186,47.517063],[-122.279213,47.517163],[-122.279397,47.51788],[-122.279495,47.518258],[-122.279547,47.518467],[-122.279756,47.519397],[-122.279811,47.519918],[-122.279795,47.520218],[-122.279746,47.520584],[-122.27957,47.521294],[-122.279479,47.521605],[-122.279372,47.521973],[-122.279281,47.522256],[-122.279149,47.522702],[-122.279027,47.523118],[-122.278984,47.523264],[-122.278927,47.523544],[-122.278876,47.523824],[-122.278802,47.524155],[-122.278774,47.524272],[-122.278713,47.524648],[-122.278705,47.524932],[-122.278731,47.525225],[-122.278801,47.52557],[-122.278813,47.525602],[-122.278857,47.525725],[-122.279061,47.526124],[-122.279924,47.527774],[-122.279981,47.527879],[-122.280094,47.5281],[-122.280229,47.528375],[-122.280333,47.528613],[-122.28044,47.528958],[-122.280492,47.529207],[-122.28054,47.529566],[-122.280556,47.529821],[-122.280564,47.529962],[-122.280574,47.530837],[-122.280575,47.531033],[-122.280579,47.531537],[-122.28059,47.531939],[-122.280601,47.532165],[-122.280601,47.53252],[-122.280609,47.53275],[-122.280613,47.532926],[-122.280627,47.533394],[-122.280632,47.533469],[-122.280637,47.533666],[-122.280641,47.534068],[-122.280648,47.53482],[-122.280651,47.53509],[-122.280651,47.53516],[-122.280653,47.53529],[-122.280651,47.535449],[-122.280649,47.535563],[-122.280657,47.535907],[-122.280658,47.535927],[-122.280664,47.536022],[-122.28067,47.536111],[-122.280736,47.536462],[-122.280898,47.536934],[-122.280947,47.537053],[-122.28102,47.537231],[-122.281086,47.537366],[-122.281409,47.538022],[-122.281599,47.538394],[-122.281644,47.538492],[-122.28179,47.538768],[-122.281858,47.538897],[-122.282002,47.539157],[-122.282836,47.540659],[-122.282894,47.540761],[-122.283688,47.542474],[-122.283886,47.542867],[-122.284048,47.543188],[-122.284402,47.54389],[-122.284515,47.544113],[-122.284686,47.544454],[-122.284774,47.544627],[-122.284954,47.545027],[-122.285085,47.545317],[-122.285183,47.545513],[-122.285451,47.546048],[-122.285593,47.546335],[-122.285955,47.54707],[-122.286106,47.547376],[-122.286457,47.548104],[-122.286499,47.548195],[-122.286607,47.548424],[-122.286854,47.548972],[-122.287238,47.549779],[-122.287473,47.550269],[-122.287657,47.550652],[-122.287678,47.550697],[-122.287933,47.551226],[-122.288003,47.551371],[-122.288101,47.551558],[-122.288209,47.55177],[-122.288312,47.551975],[-122.288675,47.552714],[-122.288811,47.552991],[-122.289037,47.553451],[-122.289405,47.554251],[-122.289561,47.554591],[-122.289638,47.554762],[-122.289835,47.555195],[-122.289907,47.555347],[-122.290213,47.555948],[-122.290792,47.556908],[-122.290878,47.55705],[-122.29101,47.557274],[-122.291362,47.557868],[-122.291554,47.558174],[-122.291603,47.558254],[-122.291784,47.558551],[-122.291863,47.558684],[-122.291931,47.558799],[-122.292252,47.559332],[-122.292852,47.560272],[-122.29311,47.560677],[-122.293198,47.560816],[-122.293284,47.560949],[-122.293471,47.561239],[-122.293528,47.561325],[-122.293922,47.561932],[-122.294465,47.562771],[-122.294505,47.562827],[-122.294571,47.56293],[-122.294615,47.562996],[-122.295147,47.563769],[-122.295202,47.56386],[-122.29561,47.564507],[-122.296059,47.565202],[-122.296325,47.565629],[-122.296459,47.565843],[-122.296531,47.565957],[-122.296639,47.566169],[-122.296686,47.566291],[-122.296723,47.566385],[-122.296827,47.566799],[-122.296846,47.567029],[-122.296847,47.567162],[-122.296823,47.567896],[-122.296815,47.568135],[-122.296795,47.570539],[-122.296755,47.571211],[-122.296744,47.571391],[-122.296739,47.571866],[-122.296736,47.572016],[-122.296737,47.572103],[-122.296741,47.572341],[-122.296744,47.572445],[-122.296733,47.573294],[-122.296707,47.574228],[-122.296696,47.5746],[-122.29671,47.575094],[-122.29672,47.575376],[-122.296726,47.575539],[-122.296775,47.575701],[-122.296773,47.57574],[-122.296751,47.575917],[-122.296719,47.576056],[-122.296649,47.576258],[-122.296598,47.576364],[-122.296808,47.576628],[-122.296864,47.576698],[-122.297002,47.576872],[-122.297086,47.576978],[-122.297177,47.577092],[-122.297242,47.577174],[-122.297254,47.57719],[-122.297445,47.577431],[-122.297468,47.577459],[-122.297545,47.577556],[-122.297719,47.577791],[-122.297845,47.577961],[-122.298034,47.578216],[-122.298129,47.578346],[-122.298429,47.578738],[-122.298531,47.578871],[-122.298669,47.579051],[-122.298735,47.579137],[-122.299041,47.579537],[-122.299169,47.579705],[-122.299217,47.579768],[-122.299341,47.579928],[-122.299438,47.580057],[-122.299471,47.5801],[-122.299604,47.580274],[-122.299998,47.580788],[-122.30017,47.581013],[-122.300355,47.581273],[-122.300442,47.581411],[-122.300507,47.5815],[-122.300961,47.582065],[-122.301097,47.582234],[-122.301533,47.582776],[-122.301614,47.582884],[-122.301706,47.583003],[-122.301819,47.583151],[-122.30221,47.583648],[-122.302296,47.583765],[-122.302344,47.58383],[-122.302709,47.584326],[-122.302853,47.58452],[-122.302951,47.584652],[-122.302949,47.58484],[-122.302943,47.585207],[-122.30294,47.585418],[-122.302939,47.585493],[-122.302936,47.585573],[-122.302926,47.585908],[-122.302913,47.586323],[-122.302892,47.586401],[-122.302853,47.58653],[-122.302842,47.586559],[-122.302696,47.586924],[-122.302651,47.587066],[-122.302627,47.587203],[-122.302591,47.588367],[-122.302587,47.588453],[-122.302553,47.588777],[-122.302268,47.58962],[-122.302179,47.590115],[-122.302168,47.590726],[-122.302195,47.590987],[-122.302292,47.59137],[-122.302465,47.591821],[-122.30249,47.591883],[-122.302522,47.591959],[-122.302662,47.592397],[-122.302666,47.5925],[-122.302598,47.592764],[-122.302517,47.592922],[-122.302437,47.593085],[-122.302306,47.593312],[-122.302259,47.593464],[-122.302219,47.593823],[-122.302232,47.594573],[-122.302242,47.595501],[-122.302243,47.595573],[-122.302242,47.595644],[-122.302233,47.596479],[-122.302234,47.596751],[-122.302237,47.597818],[-122.302237,47.597878],[-122.302243,47.59835],[-122.30223,47.598969],[-122.302229,47.599029],[-122.302223,47.599274],[-122.302228,47.599671],[-122.30223,47.599795],[-122.302236,47.600309],[-122.302238,47.60112],[-122.302238,47.601145],[-122.302257,47.601445],[-122.302296,47.601579],[-122.302321,47.601662],[-122.302357,47.601769],[-122.302428,47.602039],[-122.302428,47.602064],[-122.302427,47.602242],[-122.302427,47.602361],[-122.302427,47.602611],[-122.302426,47.602676],[-122.302427,47.602729],[-122.302435,47.6032],[-122.302439,47.603454],[-122.30244,47.60351],[-122.302441,47.60357],[-122.302446,47.604268],[-122.302446,47.604338],[-122.30245,47.604407],[-122.302497,47.60469],[-122.302636,47.605095],[-122.302655,47.60515],[-122.302668,47.605192],[-122.30268,47.605229],[-122.302723,47.60536],[-122.302772,47.605567],[-122.302785,47.605894],[-122.302785,47.606168],[-122.302788,47.606257],[-122.30279,47.606435],[-122.302793,47.60689],[-122.302789,47.60754],[-122.302788,47.607711],[-122.302787,47.607932],[-122.302786,47.608017],[-122.302773,47.609023],[-122.302753,47.610013],[-122.302727,47.611574],[-122.302719,47.612082],[-122.302714,47.612227],[-122.302704,47.612942],[-122.302698,47.613297],[-122.302686,47.614012],[-122.302683,47.614165],[-122.302655,47.614815],[-122.302636,47.615248],[-122.302634,47.615305],[-122.302631,47.615385],[-122.302597,47.616473],[-122.302575,47.617113],[-122.302574,47.617255],[-122.302563,47.618936],[-122.302552,47.61909],[-122.302545,47.619184],[-122.302542,47.61934],[-122.302522,47.620215],[-122.302514,47.620603],[-122.302502,47.621132],[-122.302496,47.621377],[-122.30248,47.622159],[-122.30247,47.622662],[-122.302463,47.622984],[-122.302459,47.623172],[-122.302455,47.623412],[-122.302439,47.624402],[-122.30243,47.624961],[-122.302426,47.625209],[-122.302424,47.625336],[-122.30242,47.625581],[-122.302414,47.625938],[-122.302408,47.626311],[-122.302404,47.626582],[-122.302402,47.626694],[-122.3024,47.626822],[-122.302396,47.627065],[-122.302393,47.627254],[-122.30237,47.627391],[-122.30235,47.627437],[-122.302308,47.627508],[-122.302242,47.627586],[-122.30204,47.627812],[-122.301834,47.628052],[-122.301777,47.62813],[-122.301749,47.628181],[-122.301725,47.628239],[-122.3017,47.628416],[-122.30169,47.629021],[-122.301685,47.629269],[-122.301681,47.629507],[-122.301668,47.630268],[-122.301651,47.631289],[-122.301635,47.63223],[-122.301634,47.63229],[-122.301632,47.632354],[-122.301631,47.632431],[-122.301629,47.632569],[-122.301624,47.632816],[-122.301608,47.633613],[-122.301598,47.634146],[-122.301594,47.63437],[-122.30159,47.634587],[-122.301586,47.634797],[-122.301581,47.635043],[-122.301578,47.635185],[-122.301577,47.635254],[-122.301575,47.635349],[-122.30156,47.636227],[-122.301545,47.637071],[-122.301535,47.63769],[-122.301537,47.637891],[-122.301542,47.637924],[-122.301556,47.637985],[-122.301588,47.638085],[-122.301663,47.638324],[-122.301797,47.638714],[-122.301925,47.639117],[-122.302049,47.639452],[-122.302068,47.639528],[-122.302079,47.639587],[-122.302087,47.640134],[-122.302088,47.64026],[-122.302084,47.640658],[-122.302083,47.640727],[-122.302081,47.640983],[-122.302077,47.641715],[-122.302072,47.642213],[-122.302115,47.642396],[-122.302148,47.642454],[-122.302195,47.642514],[-122.302252,47.64257],[-122.30283,47.642995],[-122.302872,47.643026],[-122.302898,47.643067],[-122.302916,47.643096],[-122.30304,47.643182],[-122.303279,47.64335],[-122.30372,47.643658],[-122.303792,47.643722],[-122.303995,47.643933],[-122.304025,47.643972],[-122.304068,47.644027],[-122.304098,47.644075],[-122.304269,47.644313],[-122.30435,47.644455],[-122.304377,47.644501],[-122.304424,47.644582],[-122.304451,47.644655],[-122.304469,47.644706],[-122.304514,47.645092],[-122.304513,47.645327],[-122.304512,47.645557],[-122.30451,47.645897],[-122.304509,47.645969],[-122.304507,47.646268],[-122.304509,47.646322],[-122.304526,47.646409],[-122.304561,47.64655],[-122.304585,47.646666],[-122.304629,47.646777],[-122.304625,47.646904],[-122.304614,47.647689],[-122.304616,47.64781],[-122.304615,47.64803],[-122.304604,47.648538],[-122.304583,47.649018],[-122.304572,47.649204],[-122.304545,47.649514],[-122.304476,47.64976],[-122.304409,47.649978],[-122.304347,47.650155],[-122.304178,47.650556],[-122.304126,47.650645],[-122.303959,47.650953],[-122.303886,47.651066],[-122.303619,47.651562],[-122.303489,47.651803],[-122.303318,47.652138],[-122.303143,47.652405],[-122.303036,47.652682],[-122.302983,47.652829],[-122.302573,47.654202],[-122.302323,47.655037],[-122.302151,47.655648],[-122.302111,47.655805],[-122.302121,47.656011],[-122.302087,47.65612],[-122.301999,47.656399],[-122.301842,47.656893],[-122.301425,47.658325],[-122.300996,47.659056],[-122.30099,47.659399],[-122.300951,47.659655],[-122.30093,47.659825],[-122.300901,47.660064],[-122.300947,47.660224],[-122.300926,47.66039],[-122.300912,47.660497],[-122.300908,47.660606],[-122.300907,47.660616],[-122.300903,47.660947],[-122.300892,47.661383],[-122.30089,47.661811],[-122.300892,47.662058],[-122.300894,47.662447],[-122.300894,47.662516],[-122.300895,47.662589],[-122.300897,47.662856],[-122.300899,47.663083],[-122.300899,47.663153],[-122.300899,47.663181],[-122.300899,47.663207],[-122.3009,47.663292],[-122.3009,47.663379],[-122.300901,47.663566],[-122.300901,47.663639],[-122.300902,47.663699],[-122.300902,47.663779],[-122.300904,47.664096],[-122.300905,47.664289],[-122.300905,47.664348],[-122.300906,47.664415],[-122.300903,47.664466],[-122.3009,47.664504],[-122.300898,47.664549],[-122.300893,47.664621],[-122.300874,47.664759],[-122.300865,47.664787],[-122.30085,47.664848],[-122.300829,47.664925],[-122.300824,47.664945],[-122.300691,47.665454],[-122.300676,47.665547],[-122.300656,47.665668],[-122.300645,47.665734],[-122.300619,47.665889],[-122.300616,47.665909],[-122.300612,47.666001],[-122.300611,47.66606],[-122.300606,47.666177],[-122.300605,47.666275],[-122.300606,47.666388],[-122.300606,47.666479],[-122.300607,47.666569],[-122.300607,47.66664],[-122.300609,47.666817],[-122.30061,47.66699],[-122.300612,47.66734],[-122.300613,47.667541],[-122.300615,47.667784],[-122.300616,47.667925],[-122.300617,47.667992],[-122.300617,47.668149],[-122.300617,47.668162],[-122.300618,47.668275],[-122.300618,47.668381],[-122.300619,47.668534],[-122.300618,47.668724],[-122.300618,47.668773],[-122.300617,47.669082],[-122.300612,47.669998],[-122.300627,47.670921],[-122.300643,47.671876],[-122.300647,47.672155],[-122.300648,47.672444],[-122.300653,47.673816],[-122.300664,47.675784],[-122.300661,47.675924],[-122.300659,47.67607],[-122.300658,47.676139],[-122.300657,47.676226],[-122.300656,47.676277],[-122.300655,47.676301],[-122.30065,47.676674],[-122.300635,47.677602],[-122.300677,47.679405],[-122.300701,47.682029],[-122.300732,47.682628],[-122.300741,47.68281],[-122.300754,47.683057],[-122.300755,47.683202],[-122.300755,47.683264],[-122.300755,47.683559],[-122.300759,47.683942],[-122.300757,47.684067],[-122.300764,47.684864],[-122.300789,47.686124],[-122.300793,47.686334],[-122.300827,47.686547],[-122.300874,47.68667],[-122.301389,47.687412],[-122.301456,47.687509],[-122.301511,47.687599],[-122.301575,47.687703],[-122.301631,47.687833],[-122.301699,47.68817],[-122.301685,47.688443],[-122.301679,47.688505],[-122.301656,47.688612],[-122.301486,47.689471],[-122.301471,47.689593],[-122.301507,47.689829],[-122.301566,47.689971],[-122.301692,47.690264],[-122.30205,47.691191],[-122.302081,47.69127],[-122.302097,47.69131],[-122.30277,47.693012],[-122.302889,47.693275],[-122.303042,47.693481],[-122.303106,47.693545],[-122.303176,47.693605],[-122.30358,47.693916],[-122.303628,47.693953],[-122.303729,47.694031],[-122.304492,47.69462],[-122.305014,47.695023],[-122.305106,47.695119],[-122.305174,47.695224],[-122.305337,47.69562],[-122.30539,47.695748],[-122.305433,47.695824],[-122.305476,47.695887],[-122.305562,47.696067],[-122.305708,47.696387],[-122.305763,47.696509],[-122.305747,47.69669],[-122.30568,47.69705],[-122.305566,47.697405],[-122.305492,47.697579],[-122.305437,47.697691],[-122.305268,47.697987],[-122.305184,47.698111],[-122.305172,47.698129],[-122.304956,47.698407],[-122.303582,47.70001],[-122.30335,47.700283],[-122.303172,47.700491],[-122.303002,47.700689],[-122.302897,47.700812],[-122.302814,47.700909],[-122.30263,47.701124],[-122.302587,47.701178],[-122.302193,47.701669],[-122.302101,47.701798],[-122.302018,47.70193],[-122.301942,47.702063],[-122.301854,47.702244],[-122.30179,47.702405],[-122.30178,47.702428],[-122.301722,47.702615],[-122.301679,47.702803],[-122.301651,47.702993],[-122.301638,47.703179],[-122.301639,47.703385],[-122.30164,47.703535],[-122.301641,47.70384],[-122.301642,47.70397],[-122.301643,47.704131],[-122.301644,47.704335],[-122.301645,47.704516],[-122.301646,47.704774],[-122.301647,47.705015],[-122.301646,47.705106],[-122.301649,47.705508],[-122.30165,47.705655],[-122.301651,47.705831],[-122.301649,47.706041],[-122.301656,47.706706],[-122.301648,47.706853],[-122.301646,47.7069],[-122.301638,47.706992],[-122.30163,47.707093],[-122.301616,47.707229],[-122.30161,47.707287],[-122.301517,47.707865],[-122.301477,47.708032],[-122.301429,47.708248],[-122.301378,47.708438],[-122.30133,47.708595],[-122.301317,47.708639],[-122.301286,47.708733],[-122.301251,47.708839],[-122.301224,47.708913],[-122.301179,47.709038],[-122.301161,47.709085],[-122.301113,47.709208],[-122.301077,47.709296],[-122.300874,47.709745],[-122.300825,47.709843],[-122.300804,47.709885],[-122.300741,47.710005],[-122.300692,47.710101],[-122.300655,47.710158],[-122.300577,47.710291],[-122.300495,47.710423],[-122.300346,47.710513],[-122.300162,47.710831],[-122.299988,47.711132],[-122.299913,47.711261],[-122.299746,47.71155],[-122.299624,47.711761],[-122.299508,47.711962],[-122.299449,47.712066],[-122.299406,47.712137],[-122.299359,47.712218],[-122.299246,47.712412],[-122.298836,47.713112],[-122.298754,47.713252],[-122.298651,47.713427],[-122.298462,47.713743],[-122.298488,47.713824],[-122.298256,47.714223],[-122.298049,47.714577],[-122.297952,47.714652],[-122.297932,47.714669],[-122.297708,47.715027],[-122.297661,47.715122],[-122.297688,47.715202],[-122.297666,47.715239],[-122.297624,47.715305],[-122.297611,47.715324],[-122.297418,47.715623],[-122.297353,47.715739],[-122.297206,47.716006],[-122.297176,47.716059],[-122.297075,47.716085],[-122.297016,47.7162],[-122.296988,47.716253],[-122.297031,47.716309],[-122.296973,47.716403],[-122.296954,47.716432],[-122.29669,47.716857],[-122.296344,47.717414],[-122.296181,47.717722],[-122.296014,47.717887],[-122.295633,47.718488],[-122.295362,47.718934],[-122.295218,47.719171],[-122.295235,47.71927],[-122.295175,47.719376],[-122.294982,47.719715],[-122.294871,47.719806],[-122.294671,47.720094],[-122.294571,47.720261],[-122.294428,47.720499],[-122.294423,47.720638],[-122.294369,47.720727],[-122.294293,47.720851],[-122.294157,47.721073],[-122.294144,47.721095],[-122.294117,47.721142],[-122.29403,47.721294],[-122.293995,47.721354],[-122.293967,47.721404],[-122.293876,47.721426],[-122.293519,47.722101],[-122.293567,47.722178],[-122.29353,47.722248],[-122.293462,47.722372],[-122.293333,47.722611],[-122.293264,47.722731],[-122.293224,47.722802],[-122.293181,47.722889],[-122.29316,47.722965],[-122.293021,47.723325],[-122.292983,47.723422],[-122.29287,47.723537],[-122.292819,47.723636],[-122.292634,47.724225],[-122.29267,47.724315],[-122.292624,47.724482],[-122.292563,47.7247],[-122.29256,47.724713],[-122.292502,47.72495],[-122.292492,47.724997],[-122.292464,47.725124],[-122.292447,47.725202],[-122.292426,47.725309],[-122.292405,47.725421],[-122.292399,47.725453],[-122.292384,47.725542],[-122.292357,47.725706],[-122.29234,47.72583],[-122.292323,47.725958],[-122.292295,47.726211],[-122.292274,47.726465],[-122.292262,47.726667],[-122.292256,47.726815],[-122.292254,47.726868],[-122.29225,47.72703],[-122.292251,47.727071],[-122.292251,47.72713],[-122.292252,47.727273],[-122.292272,47.728015],[-122.292272,47.728019],[-122.29228,47.728319],[-122.292296,47.728943],[-122.292302,47.72915],[-122.292311,47.729466],[-122.29232,47.729786],[-122.292324,47.729941],[-122.292329,47.730096],[-122.292343,47.73074],[-122.292345,47.730822],[-122.29235,47.731058],[-122.292369,47.731948],[-122.292371,47.732016],[-122.292374,47.73214],[-122.292379,47.732238],[-122.292388,47.732434],[-122.292402,47.732726],[-122.292404,47.732768],[-122.292415,47.733024],[-122.292422,47.733189],[-122.292425,47.733276],[-122.292436,47.733524],[-122.292446,47.73376],[-122.292456,47.733874],[-122.292457,47.73394],[-122.292463,47.734251],[-122.292469,47.734622],[-122.29247,47.734635],[-122.292477,47.734732],[-122.292414,47.734806],[-122.292417,47.73493],[-122.292416,47.73503],[-122.292416,47.735123],[-122.292408,47.735266],[-122.292392,47.735409],[-122.292386,47.735557],[-122.292458,47.735614],[-122.29241,47.735803],[-122.2924,47.735842],[-122.292352,47.735985],[-122.292319,47.736083],[-122.292253,47.736257],[-122.292207,47.736344],[-122.292177,47.736384],[-122.292056,47.736424],[-122.29205,47.736435],[-122.29201,47.7365],[-122.291773,47.736858],[-122.291665,47.736993],[-122.291635,47.737031],[-122.291522,47.737165],[-122.291066,47.737707],[-122.290935,47.737865],[-122.290913,47.737892],[-122.290357,47.73856],[-122.29008,47.738893],[-122.289936,47.739066],[-122.289674,47.739381],[-122.289595,47.739476],[-122.289457,47.739626],[-122.289356,47.739724],[-122.289204,47.739909],[-122.289125,47.740005],[-122.28872,47.740498],[-122.28827,47.741044],[-122.288132,47.741217],[-122.287792,47.741642],[-122.28775,47.741694],[-122.287513,47.74199],[-122.287503,47.742014],[-122.287385,47.742289],[-122.287374,47.742304],[-122.287023,47.742768],[-122.28687,47.743053],[-122.286652,47.7436],[-122.286597,47.743821],[-122.28646,47.744377],[-122.286413,47.74457],[-122.286396,47.744639],[-122.286064,47.746019],[-122.285823,47.746682],[-122.285656,47.747001],[-122.28509,47.747884],[-122.284868,47.748246],[-122.284793,47.748356],[-122.284684,47.748513],[-122.284647,47.748568],[-122.284207,47.749193],[-122.283289,47.750168],[-122.282349,47.750859],[-122.282141,47.751003],[-122.282029,47.751066],[-122.28147,47.751436],[-122.281297,47.751521],[-122.280831,47.751747],[-122.280267,47.752021],[-122.280534,47.75228],[-122.28064,47.752392],[-122.280657,47.752576],[-122.280658,47.75267],[-122.280659,47.752752],[-122.28066,47.752819],[-122.280684,47.755266],[-122.280686,47.75545],[-122.280687,47.755548],[-122.280689,47.75571],[-122.280648,47.75571],[-122.280083,47.755716],[-122.28008,47.755811],[-122.280082,47.755852],[-122.280125,47.755886],[-122.280055,47.755933],[-122.279961,47.755996],[-122.279903,47.756034],[-122.280546,47.756549],[-122.280643,47.756635],[-122.281001,47.756966],[-122.281342,47.757339],[-122.282917,47.759069],[-122.28347,47.759675],[-122.283716,47.759973],[-122.283836,47.760042],[-122.283888,47.760059],[-122.283909,47.760159],[-122.284984,47.761873],[-122.285188,47.762073],[-122.285265,47.762183],[-122.285284,47.762334],[-122.285258,47.762731],[-122.285257,47.763061],[-122.285436,47.763415],[-122.2855,47.763598],[-122.285522,47.763673],[-122.285531,47.763929],[-122.285516,47.764155],[-122.285298,47.76471],[-122.285243,47.764849],[-122.285182,47.765098],[-122.28517,47.765327],[-122.285157,47.765586],[-122.285118,47.765801],[-122.285029,47.765947],[-122.283845,47.76722],[-122.283792,47.767323],[-122.283784,47.767459],[-122.283814,47.767605],[-122.28392,47.767877],[-122.28421,47.768333],[-122.284907,47.768895],[-122.285017,47.769032],[-122.285372,47.769975],[-122.285696,47.770763],[-122.285829,47.77097],[-122.285854,47.771009],[-122.28631,47.771596],[-122.286712,47.772105],[-122.286825,47.772191],[-122.287554,47.772523],[-122.287868,47.772594],[-122.288088,47.772649],[-122.288268,47.772743],[-122.288433,47.772894],[-122.288667,47.773143],[-122.289628,47.774202],[-122.289797,47.774388],[-122.289795,47.774633],[-122.289868,47.774863],[-122.290235,47.77554],[-122.290314,47.775798],[-122.290296,47.776187],[-122.290186,47.776915],[-122.290092,47.777367],[-122.289868,47.778306],[-122.289836,47.77911],[-122.289799,47.779661],[-122.289788,47.780274],[-122.289862,47.781477],[-122.289934,47.781939],[-122.289948,47.781989],[-122.290294,47.783241],[-122.290631,47.78448],[-122.290734,47.78486],[-122.290863,47.785328],[-122.2912,47.786548],[-122.291655,47.788118],[-122.291841,47.788715],[-122.292033,47.789331],[-122.292145,47.789717],[-122.292206,47.790108],[-122.292243,47.790517],[-122.292239,47.791284],[-122.292241,47.791474],[-122.292245,47.791895],[-122.292256,47.79231],[-122.292263,47.792569],[-122.292268,47.792937],[-122.292275,47.793421],[-122.29228,47.793723],[-122.292273,47.794515],[-122.292288,47.795182],[-122.292285,47.796099],[-122.292288,47.796903],[-122.292288,47.796969],[-122.292289,47.797038],[-122.292296,47.797714],[-122.292323,47.798872],[-122.292323,47.799615],[-122.292323,47.799702],[-122.29233,47.80047],[-122.292327,47.800956],[-122.292323,47.801174],[-122.29232,47.801363],[-122.292309,47.801864],[-122.292308,47.80194],[-122.292308,47.802015],[-122.292311,47.802489],[-122.292313,47.80275],[-122.292314,47.80293],[-122.29232,47.803096],[-122.292345,47.803735],[-122.292348,47.804],[-122.292356,47.804535],[-122.292357,47.804614],[-122.292357,47.80471],[-122.29236,47.805424],[-122.292361,47.805738],[-122.292362,47.805881],[-122.292363,47.806314],[-122.292364,47.806446],[-122.292297,47.806567],[-122.292289,47.806967],[-122.292287,47.807119],[-122.292352,47.807209],[-122.292345,47.807394],[-122.292343,47.807558],[-122.292339,47.807935],[-122.292338,47.808135],[-122.292333,47.808889],[-122.292331,47.809126],[-122.292323,47.810215],[-122.29232,47.810513],[-122.292319,47.810616],[-122.292321,47.810721],[-122.292304,47.812271],[-122.292303,47.812393],[-122.292289,47.812967],[-122.292275,47.813526],[-122.292283,47.814724],[-122.292292,47.814967],[-122.292316,47.815561],[-122.29234,47.816188],[-122.29234,47.816215],[-122.292338,47.816549],[-122.292337,47.816778],[-122.292334,47.817181],[-122.292334,47.81732],[-122.292338,47.817462],[-122.292354,47.817908],[-122.292368,47.818324],[-122.292376,47.81855],[-122.292387,47.818902],[-122.292398,47.819216],[-122.292404,47.819385],[-122.2924,47.819649],[-122.292407,47.819965],[-122.292408,47.820309],[-122.292409,47.820416],[-122.292409,47.820501],[-122.29241,47.820806],[-122.292411,47.820941],[-122.29241,47.821112],[-122.292406,47.821529],[-122.292401,47.822045],[-122.292395,47.82274],[-122.292394,47.822809],[-122.292397,47.822927],[-122.292417,47.823963],[-122.292406,47.824588],[-122.2924,47.824903],[-122.292403,47.825448],[-122.292404,47.825731],[-122.292417,47.827132],[-122.292427,47.828148],[-122.292428,47.828251],[-122.29243,47.828338],[-122.292451,47.829312],[-122.292452,47.829522],[-122.292453,47.829594],[-122.292455,47.8298],[-122.292459,47.830302],[-122.29247,47.830857],[-122.292472,47.830936],[-122.292494,47.832036],[-122.292499,47.832341],[-122.292494,47.833079],[-122.292494,47.834024],[-122.292522,47.835549],[-122.292522,47.836038],[-122.292533,47.836561],[-122.29253,47.836691],[-122.292528,47.836912],[-122.292517,47.838299],[-122.292518,47.838386],[-122.29252,47.838715],[-122.292523,47.839159],[-122.29253,47.840061],[-122.292539,47.840722],[-122.292546,47.841006],[-122.29253,47.842242],[-122.292518,47.842805],[-122.29252,47.843022],[-122.292528,47.843653],[-122.292532,47.844017],[-122.292537,47.844431],[-122.292542,47.84493],[-122.292532,47.845665],[-122.292856,47.845664],[-122.293476,47.845661],[-122.29348,47.845982],[-122.293515,47.846039],[-122.29383,47.846105],[-122.294344,47.846212],[-122.294268,47.846367],[-122.29412,47.846413],[-122.294183,47.846583],[-122.294468,47.846542],[-122.294663,47.846514],[-122.294587,47.846706],[-122.294438,47.847083],[-122.294332,47.847349],[-122.294212,47.847651],[-122.2942,47.847681],[-122.294174,47.847762],[-122.294116,47.847941],[-122.293853,47.848616],[-122.29374,47.848928],[-122.293683,47.849087],[-122.293561,47.849427],[-122.293281,47.850206],[-122.293222,47.850339],[-122.292765,47.851366],[-122.292584,47.851781],[-122.292558,47.851841],[-122.292335,47.852299],[-122.292192,47.852595],[-122.291823,47.853357],[-122.291575,47.853697],[-122.291308,47.854061],[-122.291224,47.854176],[-122.291084,47.854328],[-122.290716,47.854728],[-122.290478,47.854988],[-122.290078,47.855423],[-122.290064,47.855439],[-122.289473,47.85612],[-122.289349,47.856245],[-122.289273,47.856331],[-122.288944,47.8567],[-122.288315,47.857398],[-122.288081,47.857622],[-122.287883,47.857811],[-122.287677,47.858026],[-122.287316,47.858401],[-122.287207,47.858518],[-122.286996,47.858744],[-122.286836,47.858916],[-122.285875,47.859946],[-122.285756,47.860073],[-122.285342,47.860518],[-122.285008,47.860875],[-122.284946,47.860942],[-122.284603,47.861309],[-122.284335,47.861596],[-122.284118,47.86183],[-122.283765,47.862207],[-122.283688,47.86229],[-122.283572,47.862414],[-122.283366,47.862635],[-122.282899,47.863136],[-122.282837,47.863203],[-122.28248,47.863585],[-122.282427,47.863643],[-122.282307,47.863775],[-122.282043,47.864065],[-122.28193,47.864188],[-122.281818,47.864312],[-122.281465,47.864698],[-122.281402,47.864767],[-122.280831,47.865392],[-122.280165,47.866121],[-122.279687,47.866625],[-122.278974,47.867388],[-122.278952,47.867411],[-122.278615,47.86778],[-122.278066,47.868381],[-122.277924,47.868536],[-122.277345,47.869153],[-122.276751,47.869785],[-122.276024,47.870559],[-122.275988,47.870598],[-122.275588,47.871024],[-122.275337,47.871292],[-122.275248,47.871386],[-122.275094,47.87155],[-122.274766,47.8719],[-122.274348,47.872345],[-122.274259,47.87244],[-122.274072,47.872639],[-122.273815,47.872912],[-122.273723,47.873011],[-122.273638,47.873098],[-122.273404,47.873342],[-122.272937,47.873847],[-122.272601,47.874209],[-122.272421,47.874401],[-122.272134,47.874707],[-122.271883,47.874973],[-122.271362,47.875528],[-122.271006,47.875907],[-122.270884,47.876036],[-122.270713,47.876218],[-122.270565,47.876376],[-122.270378,47.876581],[-122.27027,47.876687],[-122.269948,47.87703],[-122.269738,47.877267],[-122.269189,47.877856],[-122.267384,47.879764],[-122.267219,47.879958],[-122.267052,47.880134],[-122.266902,47.880292],[-122.266728,47.880476],[-122.266548,47.880666],[-122.265982,47.881263],[-122.26578,47.881477],[-122.265465,47.881826],[-122.265177,47.882144],[-122.265137,47.882189],[-122.264834,47.882535],[-122.264767,47.882608],[-122.264283,47.883135],[-122.263799,47.883648],[-122.263254,47.884242],[-122.262791,47.884745],[-122.262291,47.885278],[-122.26205,47.885533],[-122.261633,47.88598],[-122.261559,47.88606],[-122.261515,47.886107],[-122.26129,47.886349],[-122.261146,47.886503],[-122.260773,47.886904],[-122.26022,47.887497],[-122.259685,47.888072],[-122.259367,47.888414],[-122.259192,47.888601],[-122.259019,47.888787],[-122.258908,47.888906],[-122.258814,47.889007],[-122.258575,47.889265],[-122.258444,47.889406],[-122.258314,47.889543],[-122.258118,47.889751],[-122.257963,47.889914],[-122.257762,47.890125],[-122.257705,47.890185],[-122.257499,47.890403],[-122.257383,47.890525],[-122.257217,47.8907],[-122.257144,47.890778],[-122.256938,47.890999],[-122.25671,47.891245],[-122.256683,47.891273],[-122.256297,47.891688],[-122.256228,47.891763],[-122.256116,47.891884],[-122.255834,47.892186],[-122.255767,47.892258],[-122.25539,47.892663],[-122.255002,47.89308],[-122.254945,47.893141],[-122.254454,47.893666],[-122.254431,47.893689],[-122.254118,47.894024],[-122.253757,47.894411],[-122.253342,47.894855],[-122.253163,47.895047],[-122.253115,47.895098],[-122.253016,47.895204],[-122.252795,47.895441],[-122.252751,47.895488],[-122.252623,47.895625],[-122.252442,47.895819],[-122.252221,47.896063],[-122.252011,47.896293],[-122.251886,47.89643],[-122.251743,47.896582],[-122.251521,47.896818],[-122.251248,47.897108],[-122.250806,47.897577],[-122.250633,47.89776],[-122.250237,47.898181],[-122.249899,47.898539],[-122.249766,47.89868],[-122.249712,47.898738],[-122.249427,47.899041],[-122.249129,47.899357],[-122.248993,47.899502],[-122.248902,47.899598],[-122.248491,47.900034],[-122.247811,47.900762],[-122.247421,47.901181],[-122.247266,47.901347],[-122.24718,47.90144],[-122.246657,47.902002],[-122.246454,47.90222],[-122.246193,47.902501],[-122.246026,47.902678],[-122.245914,47.902796],[-122.245579,47.903151],[-122.245565,47.903166],[-122.245354,47.90339],[-122.245084,47.903683],[-122.24504,47.903731],[-122.244633,47.904173],[-122.244322,47.90451],[-122.244289,47.904542],[-122.244269,47.904563],[-122.243853,47.90501],[-122.243569,47.905314],[-122.243165,47.905749],[-122.242977,47.90595],[-122.242666,47.906283],[-122.242428,47.90654],[-122.242298,47.906678],[-122.242215,47.906768],[-122.241691,47.907331],[-122.241453,47.907586],[-122.241433,47.907609],[-122.241295,47.907757],[-122.241189,47.907871],[-122.241139,47.907924],[-122.240936,47.908144],[-122.240787,47.908305],[-122.240562,47.908547],[-122.240321,47.908808],[-122.240224,47.908913],[-122.239974,47.909184],[-122.239944,47.909215],[-122.239656,47.909522],[-122.239631,47.909555],[-122.239456,47.909738],[-122.239349,47.909852],[-122.239168,47.910047],[-122.239119,47.910101],[-122.239032,47.910195],[-122.238896,47.910335],[-122.238813,47.910421],[-122.238596,47.910645],[-122.238483,47.910762],[-122.238439,47.91081],[-122.238056,47.911222],[-122.237737,47.911574],[-122.237511,47.91182],[-122.237474,47.91186],[-122.237191,47.912167],[-122.237016,47.912353],[-122.236917,47.912458],[-122.236851,47.912529],[-122.236756,47.912629],[-122.236557,47.912841],[-122.236332,47.913079],[-122.236224,47.913193],[-122.235906,47.913531],[-122.235859,47.913581],[-122.235762,47.91369],[-122.235524,47.913956],[-122.235433,47.914058],[-122.235393,47.914103],[-122.235304,47.914196],[-122.235261,47.914241],[-122.235201,47.914303],[-122.235078,47.914419],[-122.234992,47.914521],[-122.234826,47.914693],[-122.234782,47.914739],[-122.234684,47.914841],[-122.234425,47.915111],[-122.234292,47.915255],[-122.234249,47.915302],[-122.234202,47.915353],[-122.233588,47.916024],[-122.233208,47.916425],[-122.23307,47.916573],[-122.232659,47.917016],[-122.232624,47.917053],[-122.232416,47.917278],[-122.232333,47.917367],[-122.232151,47.917563],[-122.231851,47.917885],[-122.231621,47.918133],[-122.231445,47.918323],[-122.231097,47.918697],[-122.230733,47.919089],[-122.230694,47.919131],[-122.230488,47.919352],[-122.229975,47.919901],[-122.229847,47.920038],[-122.229648,47.920242],[-122.229524,47.920384],[-122.229333,47.920588],[-122.22921,47.92072],[-122.229059,47.920881],[-122.228936,47.921013],[-122.228872,47.921082],[-122.22858,47.921394],[-122.228539,47.921438],[-122.228378,47.92161],[-122.228359,47.921631],[-122.228179,47.921824],[-122.228164,47.92184],[-122.228078,47.921932],[-122.227622,47.922417],[-122.2276,47.92244],[-122.227332,47.922724],[-122.227218,47.922847],[-122.226801,47.923309],[-122.226723,47.923403],[-122.22639,47.923757],[-122.226162,47.923995],[-122.225993,47.924172],[-122.225864,47.924313],[-122.225639,47.924561],[-122.225358,47.924834],[-122.225122,47.925092],[-122.224927,47.925284],[-122.224897,47.925315],[-122.224841,47.925378],[-122.224727,47.925495],[-122.224327,47.925926],[-122.223991,47.926261],[-122.223522,47.92675],[-122.222946,47.927355],[-122.222818,47.927489],[-122.22257,47.927781],[-122.222452,47.927874],[-122.222176,47.928219],[-122.222046,47.928354],[-122.221676,47.928754],[-122.221509,47.928943],[-122.221273,47.929263],[-122.221255,47.929293],[-122.221148,47.929482],[-122.221049,47.929654],[-122.220798,47.930093],[-122.220614,47.93057],[-122.220562,47.930692],[-122.220442,47.931017],[-122.220373,47.931259],[-122.220315,47.931464],[-122.220296,47.931533],[-122.220214,47.931833],[-122.220196,47.931901],[-122.220111,47.93218],[-122.220102,47.932219],[-122.220063,47.932363],[-122.220037,47.932459],[-122.220028,47.93249],[-122.219909,47.932932],[-122.219889,47.933006],[-122.219826,47.933236],[-122.219798,47.933339],[-122.219753,47.933504],[-122.219687,47.933745],[-122.219655,47.933865],[-122.219613,47.93402],[-122.219586,47.934118],[-122.219573,47.934164],[-122.219548,47.934256],[-122.219521,47.934358],[-122.219462,47.934578],[-122.21943,47.934703],[-122.219394,47.934842],[-122.219355,47.934992],[-122.219344,47.935033],[-122.219311,47.935162],[-122.219255,47.935379],[-122.219209,47.935558],[-122.219045,47.936193],[-122.218924,47.936634],[-122.218816,47.937018],[-122.218803,47.937065],[-122.218749,47.937254],[-122.21873,47.937325],[-122.218661,47.937571],[-122.218637,47.93766],[-122.218635,47.937668],[-122.218595,47.937811],[-122.218444,47.938353],[-122.218335,47.938744],[-122.218321,47.938801],[-122.218288,47.938932],[-122.218226,47.939169],[-122.218149,47.939493],[-122.218124,47.939593],[-122.217952,47.940282],[-122.217934,47.940357],[-122.217829,47.940758],[-122.217813,47.94082],[-122.217744,47.941118],[-122.217637,47.941472],[-122.217606,47.941579],[-122.217574,47.941683],[-122.21756,47.941736],[-122.217527,47.941858],[-122.217465,47.942093],[-122.217415,47.942281],[-122.217364,47.942471],[-122.217319,47.94264],[-122.217239,47.942938],[-122.217219,47.943022],[-122.217066,47.943604],[-122.217042,47.94368],[-122.216943,47.943948],[-122.216918,47.944004],[-122.216856,47.944141],[-122.216807,47.94425],[-122.216734,47.944417],[-122.216713,47.944467],[-122.216675,47.944555],[-122.216624,47.94467],[-122.216587,47.944753],[-122.21649,47.944973],[-122.216438,47.945089],[-122.216411,47.945151],[-122.216342,47.945306],[-122.216302,47.945398],[-122.216268,47.945474],[-122.216225,47.945572],[-122.216203,47.94562],[-122.216061,47.945941],[-122.216025,47.946029],[-122.215954,47.946197],[-122.215901,47.946324],[-122.215844,47.946461],[-122.215803,47.946552],[-122.21579,47.94658],[-122.21569,47.946801],[-122.215616,47.946965],[-122.215553,47.947103],[-122.215471,47.947285],[-122.215277,47.947712],[-122.215198,47.947897],[-122.215039,47.948244],[-122.214913,47.948519],[-122.214897,47.948554],[-122.214759,47.948856],[-122.214623,47.949157],[-122.214545,47.949329],[-122.214508,47.949417],[-122.21446,47.949533],[-122.214321,47.949872],[-122.214214,47.950133],[-122.214196,47.950178],[-122.214051,47.950561],[-122.214016,47.950653],[-122.213951,47.950863],[-122.213947,47.950878],[-122.21391,47.950998],[-122.213885,47.951075],[-122.213856,47.95117],[-122.213804,47.951357],[-122.213798,47.951381],[-122.213774,47.951464],[-122.213705,47.951713],[-122.213683,47.951793],[-122.213669,47.951844],[-122.213661,47.951887],[-122.213648,47.951955],[-122.213544,47.9525],[-122.213528,47.952583],[-122.213446,47.953037],[-122.213398,47.953316],[-122.213335,47.95369],[-122.213273,47.954058],[-122.213231,47.954311],[-122.213186,47.954575],[-122.213155,47.954761],[-122.213141,47.954847],[-122.213126,47.954936],[-122.213084,47.955184],[-122.213068,47.955278],[-122.213035,47.955384],[-122.21284,47.956009],[-122.212743,47.95625],[-122.212574,47.956668],[-122.212413,47.956954],[-122.21228,47.957188],[-122.211897,47.957865],[-122.211056,47.959351],[-122.210897,47.959709],[-122.210795,47.959993],[-122.21075,47.960146],[-122.21071,47.960383],[-122.210665,47.960654],[-122.210352,47.960661],[-122.210316,47.960662],[-122.209961,47.96067],[-122.209266,47.960688],[-122.208555,47.960701],[-122.208384,47.960704],[-122.208116,47.960711],[-122.208056,47.960712],[-122.207995,47.960713],[-122.207862,47.960716],[-122.207721,47.960717],[-122.207362,47.960734],[-122.206994,47.960802],[-122.206799,47.960895],[-122.206652,47.960961],[-122.206584,47.960965],[-122.206267,47.960954],[-122.206164,47.960965],[-122.206033,47.961006],[-122.205776,47.961122],[-122.204983,47.961779],[-122.204891,47.961959],[-122.204802,47.962567],[-122.2047,47.962909],[-122.204534,47.963079],[-122.204349,47.963218],[-122.204285,47.963373],[-122.204316,47.963551],[-122.204367,47.963659],[-122.203667,47.963886],[-122.20378,47.964029],[-122.203875,47.964187],[-122.203914,47.964311],[-122.203866,47.964456],[-122.203735,47.964556],[-122.2035,47.964628],[-122.202415,47.964742],[-122.201219,47.964867],[-122.200977,47.964874],[-122.200996,47.965251],[-122.201005,47.965419],[-122.201016,47.965615],[-122.201023,47.965741],[-122.201046,47.966139],[-122.201065,47.966483],[-122.201077,47.966712],[-122.201113,47.967386],[-122.201117,47.967448],[-122.201118,47.967523],[-122.201127,47.967887],[-122.201128,47.967914],[-122.201133,47.968127],[-122.201141,47.968464],[-122.201145,47.968608],[-122.201146,47.968675],[-122.201148,47.968761],[-122.201153,47.968867],[-122.201167,47.969207],[-122.201173,47.969344],[-122.201182,47.969543],[-122.201193,47.969804],[-122.201198,47.969923],[-122.201204,47.970076],[-122.20123,47.970664],[-122.201262,47.971384],[-122.201308,47.97244],[-122.201319,47.972702],[-122.201373,47.973931],[-122.201376,47.974013],[-122.201381,47.974112],[-122.201443,47.975343],[-122.201472,47.976075],[-122.201475,47.97616],[-122.201476,47.976185],[-122.20149,47.976537],[-122.201494,47.976652],[-122.201502,47.97682],[-122.201506,47.976891],[-122.20151,47.976989],[-122.20152,47.977195],[-122.201554,47.977897],[-122.201559,47.977991],[-122.201558,47.978111],[-122.201555,47.978775],[-122.201554,47.97906],[-122.201553,47.979221],[-122.201548,47.979347],[-122.201538,47.979655],[-122.201538,47.979952],[-122.201527,47.980541],[-122.201524,47.980769],[-122.20152,47.981117],[-122.201518,47.981304],[-122.201516,47.98145],[-122.201515,47.98157],[-122.201513,47.981749],[-122.201511,47.981885],[-122.201509,47.982043],[-122.201506,47.982328],[-122.201504,47.982535],[-122.201503,47.982572],[-122.201497,47.982862],[-122.20149,47.983195],[-122.201482,47.983785],[-122.20148,47.983933],[-122.201478,47.98403],[-122.201474,47.984326],[-122.201473,47.984421],[-122.201472,47.984496],[-122.201467,47.984604],[-122.201449,47.98507],[-122.201443,47.985222],[-122.201441,47.985259],[-122.201426,47.985624],[-122.201419,47.98581],[-122.201416,47.986018],[-122.201409,47.986525],[-122.201408,47.986597],[-122.201405,47.986797],[-122.201402,47.98704],[-122.201401,47.987121],[-122.201396,47.987223],[-122.201368,47.987784],[-122.201336,47.988442],[-122.201327,47.989502],[-122.201326,47.989592],[-122.201325,47.989757],[-122.201321,47.989978],[-122.201313,47.990401],[-122.201303,47.990909],[-122.2013,47.991074],[-122.201292,47.991458],[-122.201289,47.991596],[-122.201284,47.991828],[-122.201276,47.992226],[-122.201274,47.99229],[-122.201272,47.992399],[-122.201269,47.992508],[-122.201253,47.993003],[-122.201234,47.993627],[-122.201231,47.993713],[-122.201227,47.993803],[-122.201216,47.99403],[-122.201209,47.994188],[-122.201192,47.994534],[-122.201185,47.99503],[-122.20116,47.995477],[-122.20116,47.995519],[-122.20116,47.995739],[-122.201159,47.996018],[-122.201158,47.996254],[-122.201156,47.996347],[-122.201154,47.996418],[-122.201124,47.997],[-122.2011,47.997468],[-122.201089,47.997669],[-122.201084,47.998282],[-122.201079,47.998889],[-122.201078,47.998971],[-122.201075,47.999063],[-122.201074,47.999118],[-122.201054,47.999612],[-122.201039,47.999996],[-122.201031,48.000205],[-122.201027,48.00029],[-122.201025,48.000378],[-122.201014,48.000819],[-122.201015,48.000876],[-122.20101,48.001117],[-122.201007,48.001279],[-122.201002,48.001517],[-122.201,48.001599],[-122.200926,48.001677],[-122.200921,48.002092],[-122.200887,48.002306],[-122.20074,48.002758],[-122.200534,48.003131],[-122.200439,48.003256],[-122.200384,48.003329],[-122.200245,48.003473],[-122.200228,48.003585],[-122.200144,48.003668],[-122.200084,48.003726],[-122.199969,48.003823],[-122.199616,48.004096],[-122.199512,48.004184],[-122.199473,48.004212],[-122.199391,48.004276],[-122.198278,48.005126],[-122.19766,48.005598],[-122.197561,48.005673],[-122.197531,48.005697],[-122.197455,48.005755],[-122.197323,48.00586],[-122.196859,48.006226],[-122.196286,48.006679],[-122.195758,48.007097],[-122.195359,48.007406],[-122.194788,48.007847],[-122.194697,48.007918],[-122.194412,48.008139],[-122.194144,48.008346],[-122.192538,48.009588],[-122.192033,48.009913],[-122.191598,48.010242],[-122.190694,48.010952],[-122.190359,48.011212],[-122.19021,48.011351],[-122.189734,48.011818],[-122.189449,48.012111],[-122.189254,48.012324],[-122.188852,48.012811],[-122.188683,48.013056],[-122.188553,48.013289],[-122.188341,48.013746],[-122.188246,48.01402],[-122.188168,48.014308],[-122.186885,48.01926],[-122.186736,48.019838],[-122.18639,48.020986],[-122.18573,48.022868],[-122.184534,48.026033],[-122.182925,48.030468],[-122.182322,48.032136],[-122.181942,48.033332],[-122.181715,48.034176],[-122.181528,48.034874],[-122.180857,48.037394],[-122.180679,48.038069],[-122.180546,48.03852],[-122.180317,48.039041],[-122.180006,48.039442],[-122.179577,48.039902],[-122.178902,48.040632],[-122.178815,48.040913],[-122.178802,48.041128],[-122.178817,48.041322],[-122.178866,48.041498],[-122.178945,48.041651],[-122.179181,48.041921],[-122.179822,48.042475],[-122.179965,48.042632],[-122.180146,48.042911],[-122.18044,48.043328],[-122.181016,48.044158],[-122.183579,48.048562],[-122.1837,48.048835],[-122.184129,48.049849],[-122.184292,48.050458],[-122.184386,48.051175],[-122.184402,48.051639],[-122.184419,48.052133],[-122.184378,48.055925],[-122.184575,48.060537],[-122.184713,48.06414],[-122.184732,48.065063],[-122.184746,48.065752],[-122.184738,48.068459],[-122.184644,48.070432],[-122.184601,48.079418],[-122.18467,48.096303],[-122.184687,48.104182],[-122.184764,48.113412],[-122.184919,48.118392],[-122.185202,48.12419],[-122.185234,48.12514],[-122.185331,48.126848],[-122.185485,48.128716],[-122.185674,48.132938],[-122.185786,48.134639],[-122.186077,48.137349],[-122.186249,48.13874],[-122.187478,48.145492],[-122.187837,48.147618],[-122.187894,48.147996],[-122.18933,48.15614],[-122.1896,48.1576],[-122.19096,48.165541],[-122.192473,48.174004],[-122.192678,48.175139],[-122.192884,48.175854],[-122.193256,48.176728],[-122.193579,48.177413],[-122.194189,48.178319],[-122.194798,48.179059],[-122.195321,48.179643],[-122.19739,48.182053],[-122.200463,48.185435],[-122.201765,48.186869],[-122.20502,48.190516],[-122.207466,48.193228],[-122.207878,48.193709],[-122.208183,48.194123],[-122.208813,48.195098],[-122.208951,48.195419],[-122.209535,48.196415],[-122.210342,48.198297],[-122.212075,48.20173],[-122.213674,48.204984],[-122.214081,48.205756],[-122.214671,48.207036],[-122.215122,48.208187],[-122.217283,48.21404],[-122.217577,48.214926],[-122.218872,48.218286],[-122.219225,48.219204],[-122.219637,48.220018],[-122.22041,48.221376],[-122.221216,48.222434],[-122.221989,48.223344],[-122.222853,48.224284],[-122.223842,48.225164],[-122.225035,48.226016],[-122.233078,48.231269],[-122.234165,48.232091],[-122.235571,48.233363],[-122.237577,48.235443],[-122.237781,48.235653],[-122.239433,48.237358],[-122.240634,48.238604],[-122.241034,48.239023],[-122.243103,48.241253],[-122.244788,48.243055],[-122.247984,48.246475],[-122.250908,48.249576],[-122.251473,48.250228],[-122.252995,48.251919],[-122.259626,48.259916],[-122.260544,48.260985],[-122.262585,48.262775],[-122.263514,48.26359],[-122.264552,48.264453],[-122.268303,48.267493],[-122.268807,48.267902],[-122.271931,48.270654],[-122.272802,48.271424],[-122.284826,48.281751],[-122.291465,48.287367],[-122.291819,48.287654],[-122.296779,48.291917],[-122.303445,48.297609],[-122.310589,48.303693],[-122.311608,48.304593],[-122.313213,48.305925],[-122.314133,48.30668],[-122.315014,48.307329],[-122.316164,48.308146],[-122.317787,48.309187],[-122.318929,48.310002],[-122.320093,48.310929],[-122.32094,48.311814],[-122.321648,48.312713],[-122.322217,48.31352],[-122.324328,48.316758],[-122.325627,48.318596],[-122.325926,48.319062],[-122.328576,48.323354],[-122.328837,48.323772],[-122.331383,48.327942],[-122.332396,48.329695],[-122.332773,48.330522],[-122.3331,48.331344],[-122.333534,48.332891],[-122.33431,48.336594],[-122.334523,48.337574],[-122.335532,48.342431],[-122.335735,48.343685],[-122.335854,48.345026],[-122.335884,48.345775],[-122.335912,48.346508],[-122.335811,48.35587],[-122.335617,48.366614],[-122.335391,48.376598],[-122.335337,48.377234],[-122.335311,48.377473],[-122.335241,48.3779],[-122.335134,48.378418],[-122.334857,48.379262],[-122.334586,48.379921],[-122.334215,48.38065],[-122.333623,48.381592],[-122.333294,48.382033],[-122.332865,48.382511],[-122.331966,48.38358],[-122.331583,48.384124],[-122.331143,48.384922],[-122.330761,48.385821],[-122.330646,48.386281],[-122.330607,48.386575],[-122.330521,48.387929],[-122.330443,48.390136],[-122.330405,48.393985],[-122.33037,48.395812],[-122.330371,48.397945],[-122.330328,48.399605],[-122.330553,48.402696],[-122.330627,48.403752],[-122.330747,48.405011],[-122.331465,48.413429],[-122.331469,48.414074],[-122.331562,48.414604],[-122.331712,48.415195],[-122.331927,48.415708],[-122.332302,48.416441],[-122.332765,48.417281],[-122.333005,48.41772],[-122.333889,48.419292],[-122.335039,48.421365],[-122.335811,48.422615],[-122.336165,48.423127],[-122.337894,48.425506],[-122.338713,48.426645],[-122.340021,48.428415],[-122.340403,48.429065],[-122.340752,48.429844],[-122.340997,48.430857],[-122.341043,48.431361],[-122.341032,48.432219],[-122.341044,48.432506],[-122.340996,48.435666],[-122.34099,48.436042],[-122.341033,48.438213],[-122.341016,48.440444],[-122.341015,48.440981],[-122.340993,48.443285],[-122.341106,48.446444],[-122.341127,48.447379],[-122.341147,48.448254],[-122.34113,48.449775],[-122.341213,48.452797],[-122.341327,48.457578],[-122.341366,48.458799],[-122.341368,48.459082],[-122.341475,48.463674],[-122.34151,48.464136],[-122.341559,48.46501],[-122.341689,48.46669],[-122.341841,48.468803],[-122.341936,48.470577],[-122.34198,48.4712],[-122.342044,48.471975],[-122.342142,48.4734],[-122.342314,48.475522],[-122.342377,48.476641],[-122.342452,48.47753],[-122.342461,48.478065],[-122.342397,48.47865],[-122.342276,48.479179],[-122.342181,48.479474],[-122.34205,48.479821],[-122.341727,48.480481],[-122.341399,48.480985],[-122.34119,48.48128],[-122.340818,48.481703],[-122.340523,48.482007],[-122.340226,48.482303],[-122.339748,48.482693],[-122.339402,48.482969],[-122.33801,48.483973],[-122.337302,48.484585],[-122.336863,48.485069],[-122.336604,48.48539],[-122.33632,48.485825],[-122.336009,48.486381],[-122.335786,48.48691],[-122.335615,48.487426],[-122.335551,48.487791],[-122.335482,48.488674],[-122.335455,48.489133],[-122.335419,48.491699],[-122.335358,48.493046],[-122.335356,48.493248],[-122.33527,48.497334],[-122.335307,48.498047],[-122.335403,48.498914],[-122.335661,48.500299],[-122.335836,48.500981],[-122.336161,48.501991],[-122.336405,48.502615],[-122.336799,48.503489],[-122.337045,48.504043],[-122.337886,48.505459],[-122.338787,48.506983],[-122.341772,48.512115],[-122.342565,48.513468],[-122.343137,48.514432],[-122.343531,48.515114],[-122.345706,48.518795],[-122.345939,48.519198],[-122.348016,48.522634],[-122.348815,48.524063],[-122.349083,48.524533],[-122.350022,48.5262],[-122.350563,48.527354],[-122.350813,48.527942],[-122.350966,48.528383],[-122.351249,48.529236],[-122.351636,48.531043],[-122.351747,48.532475],[-122.35185,48.54196],[-122.35179,48.542597],[-122.351636,48.543285],[-122.351256,48.544144],[-122.350192,48.546184],[-122.34972,48.547173],[-122.349531,48.547775],[-122.349376,48.548604],[-122.349368,48.549366],[-122.349445,48.550104],[-122.350115,48.552724],[-122.350235,48.553485],[-122.350286,48.554132],[-122.350278,48.55503],[-122.35014,48.55586],[-122.349969,48.556502],[-122.349437,48.557888],[-122.34796,48.561694],[-122.347892,48.562006],[-122.347746,48.562818],[-122.347587,48.564351],[-122.347765,48.568578],[-122.347767,48.570939],[-122.34763,48.572768],[-122.346907,48.57634],[-122.34678,48.576971],[-122.345853,48.581633],[-122.344952,48.585755],[-122.3443,48.589033],[-122.343766,48.591633],[-122.343678,48.592205],[-122.343544,48.59393],[-122.343613,48.595082],[-122.343718,48.595941],[-122.343824,48.596609],[-122.345288,48.604435],[-122.345589,48.60545],[-122.345961,48.606422],[-122.34622,48.606997],[-122.346584,48.607629],[-122.34704,48.608359],[-122.347664,48.609215],[-122.348093,48.609732],[-122.354728,48.617687],[-122.35538,48.618697],[-122.355732,48.619418],[-122.355973,48.620087],[-122.356184,48.620809],[-122.356324,48.621494],[-122.35678,48.625147],[-122.356925,48.626129],[-122.357177,48.627445],[-122.357418,48.628385],[-122.357697,48.629193],[-122.359826,48.634338],[-122.362728,48.641333],[-122.362909,48.641762],[-122.363187,48.642424],[-122.364204,48.644893],[-122.365603,48.648239],[-122.365894,48.648908],[-122.366564,48.650643],[-122.366959,48.651964],[-122.367399,48.653188],[-122.367994,48.654888],[-122.368081,48.655185],[-122.368838,48.656943],[-122.369962,48.65932],[-122.371131,48.66207],[-122.371814,48.664167],[-122.37226,48.665455],[-122.372569,48.666072],[-122.372904,48.666548],[-122.373428,48.667154],[-122.374123,48.66767],[-122.374973,48.668175],[-122.376526,48.668889],[-122.378629,48.66979],[-122.379822,48.670363],[-122.38171,48.671349],[-122.382878,48.671916],[-122.384457,48.672624],[-122.38583,48.67314],[-122.388199,48.673922],[-122.389401,48.674455],[-122.390714,48.675206],[-122.392087,48.676133],[-122.393031,48.676847],[-122.393646,48.677433],[-122.394199,48.678218],[-122.394473,48.67904],[-122.394542,48.679833],[-122.39431,48.680819],[-122.393958,48.682146],[-122.393795,48.683137],[-122.393855,48.683721],[-122.393941,48.684237],[-122.394147,48.684712],[-122.394422,48.685189],[-122.394851,48.685755],[-122.39528,48.686197],[-122.396061,48.686764],[-122.396748,48.687155],[-122.397778,48.687568],[-122.399924,48.688248],[-122.401374,48.68886],[-122.401606,48.689053],[-122.401692,48.689246],[-122.401726,48.689489],[-122.401683,48.689637],[-122.401572,48.68975],[-122.401461,48.689832],[-122.401308,48.689893],[-122.401398,48.689936],[-122.401552,48.69001],[-122.401818,48.690139],[-122.404468,48.691363],[-122.408183,48.693078],[-122.40821,48.69309],[-122.4137,48.695626],[-122.414798,48.696032],[-122.416107,48.696451],[-122.420979,48.697914],[-122.422965,48.69854],[-122.423125,48.698582],[-122.423493,48.698694],[-122.424687,48.699054],[-122.425625,48.69936],[-122.426123,48.699537],[-122.426801,48.699828],[-122.427345,48.700104],[-122.428768,48.701003],[-122.429428,48.70135],[-122.432131,48.702841],[-122.435471,48.70472],[-122.436711,48.705418],[-122.43736,48.705723],[-122.437891,48.705905],[-122.438471,48.706104],[-122.438979,48.706237],[-122.439558,48.706352],[-122.440431,48.706475],[-122.440963,48.70651],[-122.442119,48.706508],[-122.443014,48.706502],[-122.443681,48.706499],[-122.4452,48.706493],[-122.44741,48.706467],[-122.449424,48.706443],[-122.451668,48.706412],[-122.454023,48.706418],[-122.45488,48.706405],[-122.455971,48.706399],[-122.456738,48.706466],[-122.457541,48.706569],[-122.458295,48.706741],[-122.459015,48.706939],[-122.459696,48.707185],[-122.460244,48.707416],[-122.460459,48.707547],[-122.460849,48.707746],[-122.461457,48.708103],[-122.463031,48.709029],[-122.46354,48.709309],[-122.463966,48.709565],[-122.464519,48.709898],[-122.464862,48.710155],[-122.465722,48.710801],[-122.466141,48.711181],[-122.466344,48.711399],[-122.46665,48.711728],[-122.467257,48.712497],[-122.467387,48.712662],[-122.467753,48.713551],[-122.467916,48.71401],[-122.468015,48.714289],[-122.469015,48.717179],[-122.469604,48.718796],[-122.469707,48.71907],[-122.469979,48.719945],[-122.470126,48.720406],[-122.471043,48.723017],[-122.471389,48.724017],[-122.471534,48.724552],[-122.471642,48.725],[-122.471694,48.7253],[-122.471747,48.72585],[-122.471755,48.726372],[-122.471733,48.726783],[-122.471678,48.727155],[-122.471535,48.727987],[-122.471423,48.72842],[-122.47135,48.728613],[-122.471242,48.728884],[-122.471118,48.729086],[-122.470971,48.729273],[-122.470636,48.729602],[-122.470398,48.729801],[-122.470247,48.729897],[-122.46985,48.730186],[-122.46898,48.730758],[-122.468213,48.731296],[-122.468428,48.731381],[-122.468685,48.731653],[-122.469233,48.732455],[-122.469485,48.732861],[-122.469869,48.733641],[-122.469868,48.734063],[-122.469866,48.734799],[-122.469864,48.735435],[-122.469862,48.738003],[-122.469862,48.738233],[-122.469854,48.739336],[-122.469814,48.739501],[-122.469778,48.739651],[-122.470049,48.73983],[-122.470294,48.739992],[-122.470783,48.740315],[-122.471307,48.740658],[-122.471698,48.740915],[-122.471886,48.74101],[-122.471826,48.742376],[-122.471814,48.74289],[-122.471806,48.743268],[-122.471795,48.743792],[-122.471783,48.744543],[-122.471776,48.745015],[-122.472027,48.745107],[-122.472442,48.745379],[-122.472959,48.745718],[-122.473492,48.746064],[-122.473994,48.74639],[-122.474543,48.746746],[-122.475025,48.747059],[-122.475543,48.747398],[-122.476052,48.74773],[-122.476591,48.748071],[-122.477091,48.748407],[-122.477619,48.748752],[-122.478143,48.749076],[-122.478639,48.749414],[-122.479163,48.749752],[-122.47969,48.750094],[-122.480199,48.750424],[-122.480743,48.750774],[-122.48101,48.750946],[-122.481236,48.751096],[-122.481012,48.751251],[-122.481025,48.751877],[-122.481046,48.752862],[-122.481066,48.753873],[-122.481072,48.754132],[-122.481085,48.754773],[-122.481087,48.754884],[-122.481094,48.754916],[-122.48111,48.754961],[-122.481172,48.755006],[-122.481202,48.755023],[-122.481546,48.755238],[-122.481635,48.755297],[-122.482333,48.755797],[-122.482999,48.756243],[-122.483787,48.756728],[-122.484563,48.757241],[-122.485335,48.757737],[-122.486089,48.758251],[-122.486838,48.758743],[-122.487603,48.759241],[-122.488213,48.759664],[-122.488298,48.759738],[-122.488383,48.759813],[-122.488386,48.759974],[-122.488396,48.760616],[-122.488406,48.76178],[-122.488407,48.761882],[-122.488405,48.761979],[-122.488384,48.763138],[-122.488379,48.764381],[-122.488386,48.764768],[-122.489083,48.765609],[-122.48913,48.765666],[-122.489202,48.765755],[-122.491094,48.768095],[-122.491176,48.768196],[-122.491226,48.768259],[-122.491788,48.768956],[-122.49191,48.769107],[-122.492601,48.769962],[-122.492663,48.770038],[-122.493937,48.771617],[-122.494599,48.772436],[-122.494827,48.772719],[-122.494991,48.772923],[-122.495664,48.773721],[-122.495767,48.773851],[-122.495833,48.773934],[-122.495924,48.774046],[-122.496701,48.77501],[-122.497212,48.775644],[-122.497338,48.775604],[-122.497562,48.775548],[-122.497654,48.775546],[-122.497807,48.775576],[-122.499795,48.776154],[-122.50178,48.776695],[-122.502139,48.776802],[-122.502256,48.776837],[-122.502723,48.776992],[-122.503108,48.777139],[-122.503154,48.777161],[-122.503473,48.777309],[-122.504027,48.777617],[-122.50739,48.779902],[-122.509459,48.781312],[-122.511192,48.782454],[-122.514509,48.784704],[-122.515512,48.785378],[-122.516525,48.786094],[-122.517945,48.787062],[-122.518234,48.787354],[-122.518574,48.787732],[-122.518684,48.787936],[-122.51881,48.78835],[-122.518825,48.788533],[-122.518884,48.789165],[-122.51897,48.789493],[-122.519099,48.78977],[-122.519236,48.789956],[-122.519394,48.790117],[-122.519785,48.790363],[-122.521285,48.791125],[-122.521968,48.7915],[-122.522908,48.792118],[-122.524906,48.793523],[-122.525209,48.793784],[-122.530525,48.799255],[-122.535864,48.804762],[-122.537544,48.806496],[-122.544601,48.813778],[-122.546009,48.815213],[-122.549064,48.818367],[-122.550867,48.820215],[-122.553246,48.822693],[-122.563545,48.833288],[-122.567031,48.836828],[-122.568819,48.838683],[-122.569359,48.839202],[-122.57002,48.839948],[-122.570729,48.840822],[-122.571673,48.842254],[-122.572031,48.842844],[-122.57264,48.843653],[-122.572821,48.843871],[-122.574231,48.845377],[-122.575991,48.847169],[-122.578765,48.850014],[-122.578848,48.850156],[-122.57937,48.850648],[-122.581106,48.852228],[-122.581614,48.852735],[-122.582147,48.853206],[-122.583577,48.854721],[-122.584109,48.8553],[-122.584968,48.856384],[-122.585107,48.856542],[-122.585305,48.856858],[-122.585612,48.857813],[-122.585832,48.858093],[-122.585998,48.858233],[-122.586119,48.858356],[-122.586334,48.858601],[-122.587089,48.859603],[-122.587366,48.86002],[-122.587554,48.860375],[-122.587643,48.860626],[-122.587715,48.861066],[-122.587928,48.862178],[-122.58815,48.86445],[-122.588452,48.867235],[-122.588963,48.872543],[-122.588875,48.876204],[-122.588642,48.883424],[-122.588625,48.884438],[-122.588689,48.885084],[-122.588837,48.885729],[-122.589251,48.886573],[-122.589632,48.887153],[-122.590114,48.887691],[-122.590505,48.888065],[-122.591123,48.888569],[-122.592803,48.889617],[-122.594328,48.890533],[-122.599884,48.893906],[-122.600123,48.894056],[-122.602577,48.895588],[-122.605702,48.897446],[-122.610978,48.900634],[-122.616681,48.904101],[-122.617691,48.904769],[-122.618957,48.905664],[-122.619272,48.905892],[-122.624151,48.909516],[-122.62615,48.911159],[-122.627363,48.912323],[-122.630588,48.916101],[-122.632684,48.91861],[-122.633951,48.919917],[-122.635501,48.921261],[-122.636566,48.922109],[-122.639772,48.924223],[-122.643072,48.926349],[-122.644404,48.927092],[-122.646655,48.928209],[-122.65063,48.930097],[-122.656573,48.933014],[-122.658936,48.934112],[-122.664247,48.936683],[-122.66606,48.937703],[-122.667417,48.938616],[-122.682952,48.948915],[-122.6867,48.951443],[-122.694282,48.956425],[-122.696545,48.957974],[-122.701221,48.961033],[-122.708758,48.965309],[-122.716956,48.97],[-122.717985,48.97076],[-122.7192,48.971721],[-122.720192,48.972547],[-122.720395,48.972697],[-122.72668,48.977843],[-122.728568,48.979392],[-122.729192,48.979996],[-122.730109,48.980932],[-122.732952,48.984309],[-122.733366,48.984794],[-122.734885,48.986155],[-122.735523,48.986704],[-122.736323,48.987301],[-122.737953,48.988417],[-122.739538,48.989502],[-122.740879,48.990414],[-122.744374,48.993363],[-122.744913,48.993764],[-122.745356,48.994073],[-122.745746,48.994311],[-122.746186,48.994556],[-122.747255,48.995106],[-122.74867,48.995855],[-122.749013,48.996023],[-122.750229,48.996661],[-122.750648,48.996909],[-122.75107,48.997171],[-122.751511,48.997466],[-122.751741,48.997634],[-122.752277,48.998059],[-122.752379,48.99814],[-122.752674,48.998326],[-122.752878,48.998509],[-122.753093,48.998813],[-122.753169,48.998899],[-122.753293,48.998993],[-122.75347,48.999147],[-122.753594,48.99932],[-122.753762,48.9995],[-122.754501,49.000268],[-122.754797,49.000565],[-122.755395,49.001245],[-122.755581,49.001472],[-122.755789,49.001721],[-122.756004,49.002086],[-122.756726,49.003092],[-122.756757,49.003156],[-122.756862,49.003375],[-122.756907,49.003517],[-122.756905,49.003828],[-122.756913,49.004776],[-122.75691,49.004874],[-122.756903,49.00502],[-122.756995,49.005309],[-122.757008,49.005447],[-122.757012,49.005973],[-122.757019,49.006153],[-122.757032,49.006268],[-122.757087,49.006454],[-122.757142,49.006575],[-122.757247,49.006774],[-122.757327,49.006965],[-122.757362,49.007114],[-122.75738,49.007292],[-122.757381,49.007376],[-122.757387,49.007489],[-122.75739,49.007875],[-122.757395,49.00835],[-122.757399,49.008586],[-122.757407,49.009478],[-122.75743,49.009691],[-122.757434,49.010103],[-122.757439,49.01053],[-122.75743,49.011377],[-122.757418,49.011553],[-122.757524,49.012854],[-122.757659,49.013294],[-122.757809,49.013667],[-122.758261,49.014536],[-122.758839,49.015531],[-122.760142,49.017826],[-122.761668,49.020642],[-122.76336,49.023608],[-122.764211,49.025013],[-122.765268,49.026903],[-122.765839,49.027723],[-122.766728,49.028775],[-122.767447,49.029518],[-122.768065,49.03009],[-122.770897,49.032628],[-122.771755,49.033402],[-122.773068,49.034586],[-122.781076,49.041788],[-122.784123,49.044579],[-122.785591,49.045872],[-122.786916,49.047087],[-122.787617,49.047729],[-122.789814,49.049704],[-122.792363,49.051999],[-122.793374,49.052834],[-122.794294,49.053557],[-122.795942,49.054732],[-122.799418,49.057286],[-122.800946,49.05836],[-122.80262,49.05962],[-122.804181,49.060762],[-122.804611,49.061077],[-122.805607,49.061791],[-122.807881,49.063428],[-122.808226,49.063686],[-122.809469,49.06462],[-122.813237,49.067319],[-122.813679,49.067652],[-122.814129,49.067995],[-122.814423,49.068217],[-122.814705,49.068432],[-122.815948,49.069323],[-122.818438,49.07112],[-122.819657,49.07202],[-122.820673,49.072802],[-122.821631,49.073471],[-122.824866,49.075817],[-122.826522,49.077033],[-122.827434,49.077676],[-122.829006,49.078842],[-122.830798,49.080133],[-122.834103,49.082551],[-122.835905,49.083832],[-122.837476,49.08499],[-122.839742,49.086642],[-122.840746,49.08738],[-122.841484,49.087874],[-122.841845,49.088087],[-122.842789,49.088543],[-122.843982,49.088953],[-122.844617,49.08911],[-122.845235,49.089234],[-122.846067,49.089324],[-122.848213,49.089465],[-122.852196,49.089729],[-122.852937,49.089776],[-122.855124,49.08991],[-122.856561,49.090007],[-122.860257,49.090237],[-122.861723,49.090324],[-122.865002,49.090504],[-122.86865,49.090735],[-122.871719,49.090938],[-122.871765,49.090932],[-122.874567,49.091109],[-122.878151,49.091336],[-122.88833,49.091976],[-122.89112,49.092137],[-122.891821,49.092235],[-122.892467,49.092367],[-122.892963,49.0925],[-122.893464,49.092696],[-122.893757,49.092852],[-122.89404,49.093037],[-122.894517,49.093387],[-122.895008,49.093978],[-122.895048,49.094041],[-122.895224,49.094322],[-122.895965,49.095543],[-122.897133,49.097431],[-122.898259,49.099235],[-122.902951,49.106759],[-122.903779,49.108106],[-122.904605,49.109223],[-122.905149,49.109818],[-122.905513,49.110171],[-122.906021,49.110615],[-122.906781,49.111207],[-122.909279,49.112676],[-122.910662,49.11329],[-122.912352,49.113813],[-122.913445,49.114112],[-122.914657,49.114385],[-122.914877,49.114428],[-122.915486,49.11455],[-122.917391,49.114888],[-122.918897,49.115134],[-122.920617,49.115502],[-122.922062,49.115963],[-122.923659,49.116701],[-122.924796,49.117377],[-122.925438,49.117901],[-122.925861,49.118339],[-122.926296,49.11879],[-122.926626,49.119227],[-122.926664,49.119306],[-122.92709,49.120077],[-122.927203,49.120336],[-122.927458,49.121057],[-122.927732,49.122695],[-122.927901,49.124533],[-122.927912,49.124665],[-122.928074,49.127799],[-122.92817,49.129154],[-122.928242,49.130233],[-122.928339,49.131262],[-122.928451,49.132846],[-122.928533,49.133445],[-122.928656,49.1339],[-122.928679,49.133976],[-122.928715,49.134065],[-122.928815,49.134285],[-122.929136,49.134821],[-122.929757,49.135506],[-122.93054,49.136326],[-122.93102,49.136827],[-122.932119,49.138053],[-122.934402,49.140442],[-122.934648,49.140772],[-122.934977,49.141259],[-122.935186,49.141667],[-122.93608,49.143715],[-122.93784,49.148002],[-122.938054,49.148516],[-122.938123,49.148662],[-122.940999,49.155611],[-122.943792,49.162636],[-122.94535,49.166155],[-122.945766,49.166882],[-122.946317,49.167531],[-122.946738,49.167958],[-122.947226,49.168349],[-122.947472,49.168527],[-122.94948,49.16979],[-122.95056,49.170506],[-122.951576,49.171161],[-122.952835,49.171977],[-122.953413,49.172337],[-122.953743,49.172564],[-122.954013,49.172793],[-122.954254,49.173051],[-122.95445,49.173317],[-122.95456,49.173572],[-122.954647,49.173736],[-122.95477,49.174157],[-122.954846,49.174532],[-122.954877,49.174752],[-122.954976,49.175189],[-122.955057,49.175445],[-122.955218,49.17579],[-122.9554,49.176053],[-122.955657,49.176314],[-122.955936,49.17653],[-122.95631,49.17675],[-122.956766,49.176993],[-122.957235,49.177141],[-122.957536,49.177211],[-122.958106,49.177301],[-122.958839,49.177403],[-122.95927,49.177464],[-122.959727,49.177558],[-122.960197,49.177704],[-122.960589,49.177874],[-122.960951,49.17809],[-122.961271,49.178341],[-122.961533,49.178626],[-122.96171,49.178911],[-122.961836,49.179233],[-122.961925,49.179703],[-122.961878,49.180295],[-122.961617,49.180982],[-122.961377,49.181334],[-122.961084,49.181654],[-122.960735,49.181931],[-122.960232,49.182262],[-122.959615,49.182589],[-122.959045,49.182795],[-122.958421,49.18297],[-122.957494,49.18317],[-122.956879,49.183301],[-122.955763,49.183539],[-122.954891,49.183751],[-122.954262,49.183946],[-122.953458,49.184239],[-122.953135,49.184379],[-122.952771,49.184557],[-122.952398,49.184739],[-122.952007,49.184965],[-122.951633,49.185208],[-122.951203,49.185439],[-122.949676,49.186542],[-122.949113,49.186935],[-122.948143,49.187429],[-122.948039,49.187495],[-122.947869,49.187602],[-122.947578,49.187805],[-122.947222,49.188071],[-122.946709,49.188399],[-122.946246,49.1886],[-122.945617,49.188801],[-122.945098,49.188971],[-122.944142,49.189308],[-122.943639,49.189559],[-122.943201,49.189857],[-122.942985,49.190031],[-122.942896,49.190208],[-122.942833,49.190289],[-122.94272,49.190427],[-122.942623,49.19057],[-122.942588,49.190649],[-122.942497,49.190872],[-122.942437,49.191135],[-122.942427,49.191415],[-122.942451,49.191603],[-122.942587,49.191992],[-122.942706,49.192183],[-122.942938,49.192476],[-122.943207,49.192761],[-122.948025,49.197258],[-122.949131,49.19827],[-122.949319,49.198568],[-122.949339,49.198754],[-122.949292,49.198915],[-122.949151,49.199091],[-122.948956,49.199238],[-122.948509,49.199427],[-122.945603,49.199995],[-122.945429,49.200029],[-122.945195,49.200077],[-122.945485,49.200553],[-122.945707,49.200784],[-122.945868,49.200846],[-122.946025,49.200986],[-122.946416,49.201303],[-122.946747,49.201561],[-122.946841,49.201635],[-122.947555,49.202201],[-122.947975,49.202532],[-122.948335,49.202848],[-122.948799,49.203219],[-122.949146,49.203495],[-122.949265,49.20359],[-122.949478,49.203759],[-122.94956,49.203824],[-122.949707,49.203941],[-122.949928,49.204117],[-122.950185,49.204322],[-122.950314,49.204425],[-122.950373,49.204472],[-122.950641,49.204684],[-122.950726,49.204753],[-122.951106,49.205056],[-122.95155,49.205419],[-122.95184,49.20564],[-122.951929,49.20573],[-122.952033,49.205809],[-122.952098,49.205862],[-122.9524,49.206162],[-122.952709,49.206538],[-122.952906,49.207048],[-122.952951,49.208653],[-122.953055,49.209034],[-122.953284,49.209415],[-122.953719,49.209855],[-122.953976,49.210032],[-122.954914,49.210655],[-122.955581,49.211183],[-122.955622,49.211216],[-122.956532,49.212141],[-122.956936,49.212469],[-122.957279,49.21275],[-122.957644,49.213039],[-122.957725,49.213103],[-122.957811,49.213169],[-122.958555,49.213789],[-122.959004,49.214116],[-122.95978,49.214699],[-122.960026,49.214897],[-122.960283,49.21512],[-122.96054,49.215346],[-122.960769,49.215647],[-122.960932,49.216199],[-122.960933,49.216742],[-122.960933,49.216836],[-122.960934,49.21718],[-122.960934,49.217997],[-122.960934,49.218409],[-122.960985,49.218446],[-122.961523,49.218442],[-122.96401,49.218421],[-122.964144,49.218421],[-122.964776,49.218418],[-122.96487,49.218473],[-122.965542,49.218587],[-122.96768,49.219046],[-122.967766,49.219064],[-122.968105,49.219135],[-122.968231,49.219158],[-122.968328,49.219137],[-122.970828,49.219664],[-122.972016,49.219925],[-122.972749,49.220088],[-122.972934,49.220131],[-122.973267,49.220209],[-122.973487,49.220261],[-122.97476,49.220561],[-122.97612,49.220919],[-122.976307,49.220978],[-122.977555,49.221373],[-122.978726,49.221734],[-122.978895,49.221786],[-122.979039,49.221832],[-122.97944,49.22196],[-122.98023,49.222218],[-122.980748,49.222373],[-122.981035,49.222475],[-122.982427,49.222912],[-122.983062,49.223118],[-122.984274,49.223514],[-122.984385,49.22355],[-122.98524,49.223823],[-122.985847,49.224016],[-122.986198,49.224128],[-122.986761,49.224308],[-122.987778,49.224632],[-122.988915,49.224995],[-122.990156,49.225399],[-122.990325,49.225452],[-122.991574,49.225862],[-122.991883,49.226009],[-122.994023,49.226722],[-122.994157,49.226767],[-122.994317,49.226823],[-122.994726,49.226953],[-122.995095,49.227079],[-122.996222,49.227448],[-122.996398,49.227509],[-122.996616,49.227578],[-122.997697,49.227916],[-122.998467,49.228155],[-122.999264,49.22842],[-123.001163,49.229077],[-123.002137,49.229391],[-123.002418,49.229485],[-123.002573,49.229531],[-123.002712,49.229579],[-123.002864,49.229634],[-123.004586,49.230195],[-123.004719,49.230237],[-123.004854,49.230281],[-123.00504,49.23034],[-123.006236,49.230737],[-123.007286,49.231086],[-123.007635,49.231146],[-123.007799,49.231204],[-123.00849,49.231421],[-123.009517,49.231766],[-123.009804,49.231862],[-123.010789,49.232181],[-123.011386,49.232348],[-123.012504,49.232597],[-123.012657,49.23264],[-123.01277,49.232665],[-123.01299,49.232713],[-123.013497,49.232774],[-123.014038,49.232811],[-123.014219,49.232817],[-123.014939,49.232847],[-123.01568,49.232837],[-123.01573,49.232833],[-123.015827,49.232827],[-123.017018,49.232772],[-123.018704,49.232629],[-123.019,49.232609],[-123.019322,49.232586],[-123.019547,49.232572],[-123.020204,49.232529],[-123.020505,49.232553],[-123.020658,49.232544],[-123.020753,49.232539],[-123.020851,49.232532],[-123.021364,49.23251],[-123.022006,49.232467],[-123.022828,49.232415],[-123.023245,49.232394],[-123.023279,49.232392],[-123.023391,49.232387],[-123.023587,49.232377],[-123.0237,49.232371],[-123.024816,49.232308],[-123.025515,49.232261],[-123.02591,49.232246],[-123.026477,49.232226],[-123.028135,49.232137],[-123.029267,49.232086],[-123.029773,49.232063],[-123.030285,49.232039],[-123.030596,49.232039],[-123.030942,49.232059],[-123.031113,49.232068],[-123.031391,49.232116],[-123.03178,49.232199],[-123.032127,49.232314],[-123.032458,49.232446],[-123.033171,49.23282],[-123.033979,49.233237],[-123.035698,49.234119],[-123.035725,49.234132],[-123.035808,49.234175],[-123.035903,49.234223],[-123.035963,49.234253],[-123.036811,49.234694],[-123.037787,49.235084],[-123.037902,49.235129],[-123.038672,49.235428],[-123.039067,49.235566],[-123.039492,49.235678],[-123.039894,49.23576],[-123.040335,49.235817],[-123.040714,49.235857],[-123.041252,49.235913],[-123.042148,49.235987],[-123.042245,49.235995],[-123.042492,49.236015],[-123.044213,49.236156],[-123.045004,49.236252],[-123.04549,49.236368],[-123.045806,49.236477],[-123.046653,49.236765],[-123.047578,49.237108],[-123.048052,49.237308],[-123.04868,49.237597],[-123.048824,49.237665],[-123.048911,49.237706],[-123.049566,49.238004],[-123.049965,49.238185],[-123.050156,49.238272],[-123.051567,49.238928],[-123.051877,49.239071],[-123.051983,49.239118],[-123.052097,49.239178],[-123.052517,49.239371],[-123.053211,49.239715],[-123.053846,49.240006],[-123.053881,49.240019],[-123.053986,49.240071],[-123.054099,49.240122],[-123.054606,49.240352],[-123.054907,49.240486],[-123.056381,49.24115],[-123.056909,49.241406],[-123.057442,49.241652],[-123.057864,49.241848],[-123.058001,49.241912],[-123.058129,49.241966],[-123.059102,49.242402],[-123.060706,49.243106],[-123.061365,49.243405],[-123.061764,49.243606],[-123.063658,49.244517],[-123.06429,49.244834],[-123.064547,49.244958],[-123.064956,49.245155],[-123.065169,49.245258],[-123.06586,49.245548],[-123.066504,49.245845],[-123.067217,49.246171],[-123.067825,49.24645],[-123.068617,49.246831],[-123.068679,49.246859],[-123.068757,49.246894],[-123.068923,49.246974],[-123.069935,49.247441],[-123.071294,49.248086],[-123.072075,49.24845],[-123.072158,49.248488],[-123.072438,49.248616],[-123.073094,49.248913],[-123.073423,49.249055],[-123.073534,49.249102],[-123.075832,49.250053],[-123.075963,49.250112],[-123.07615,49.250215],[-123.076718,49.250513],[-123.077785,49.251124],[-123.078199,49.251332],[-123.079891,49.252117],[-123.081793,49.253018],[-123.083549,49.253838],[-123.083697,49.253909],[-123.085608,49.254807],[-123.087412,49.255639],[-123.08893,49.25637],[-123.089602,49.256683],[-123.089712,49.256732],[-123.089844,49.256792],[-123.08995,49.256839],[-123.090791,49.257215],[-123.090981,49.257288],[-123.091461,49.257418],[-123.091759,49.257467],[-123.092272,49.257554],[-123.092459,49.257597],[-123.092943,49.257772],[-123.093118,49.257858],[-123.094384,49.258574],[-123.095117,49.258992],[-123.095745,49.259367],[-123.096035,49.259545],[-123.096243,49.259701],[-123.096391,49.259835],[-123.09668,49.260093],[-123.097678,49.261077],[-123.098579,49.261981],[-123.099407,49.262844],[-123.100124,49.263678],[-123.100399,49.263987],[-123.100501,49.264096],[-123.10053,49.264165],[-123.100769,49.264467],[-123.100795,49.264602],[-123.100792,49.265324],[-123.100846,49.2655],[-123.100811,49.266402],[-123.100776,49.267312],[-123.100753,49.267897],[-123.100756,49.268221],[-123.100675,49.268299],[-123.100639,49.268914],[-123.100631,49.268991],[-123.100619,49.269111],[-123.100587,49.26967],[-123.100574,49.270065],[-123.100569,49.270142],[-123.100567,49.270195],[-123.100554,49.270485],[-123.100528,49.270705],[-123.100506,49.270895],[-123.100431,49.271092],[-123.10012,49.27164],[-123.100001,49.271913],[-123.09997,49.272067],[-123.099958,49.272618],[-123.09995,49.272708],[-123.099939,49.272868],[-123.099937,49.272949],[-123.099844,49.274791],[-123.099836,49.274922],[-123.099793,49.276019],[-123.099786,49.276767],[-123.099784,49.276926],[-123.099742,49.27756],[-123.099934,49.277557],[-123.099982,49.277557],[-123.100035,49.277554],[-123.100458,49.277544],[-123.102732,49.277454],[-123.103601,49.277455],[-123.103773,49.277447],[-123.104121,49.277448],[-123.104773,49.277481],[-123.105321,49.277525],[-123.106161,49.27765],[-123.106683,49.277756],[-123.107398,49.27797],[-123.108146,49.278295],[-123.108583,49.278535],[-123.108955,49.278769],[-123.10982,49.279343],[-123.109944,49.279423],[-123.11003,49.279479],[-123.110452,49.279792],[-123.110548,49.279855],[-123.110644,49.279917],[-123.110765,49.279991],[-123.111534,49.280465],[-123.112511,49.281096],[-123.112996,49.280769],[-123.113885,49.280182],[-123.114219,49.279973],[-123.115198,49.28058],[-123.115678,49.280907],[-123.116154,49.281222],[-123.116652,49.281543],[-123.117039,49.281794],[-123.117135,49.281856],[-123.117214,49.281907],[-123.118051,49.282435],[-123.118117,49.282479],[-123.11821,49.28254],[-123.119039,49.28308],[-123.119115,49.283129],[-123.119205,49.283188],[-123.119602,49.283446],[-123.120005,49.283708],[-123.120036,49.283729],[-123.120095,49.283764],[-123.120013,49.283819]]","321812.3"
"7","4","7","0","2018-08-16T15:41Z","2018-08-16T15:41Z","0","0","47.508029","-122.501409","47.476803","-122.259781","47.508029","-122.501409","49.283819","-123.120013","0","0","[[-122.501409,47.508029],[-122.501225,47.508256],[-122.501136,47.508412],[-122.501099,47.50849],[-122.50107,47.508578],[-122.501028,47.508802],[-122.501044,47.510568],[-122.501051,47.511552],[-122.501055,47.512057],[-122.501054,47.512084],[-122.501052,47.51214],[-122.500575,47.512139],[-122.500519,47.512136],[-122.500412,47.512123],[-122.500364,47.512112],[-122.500166,47.512023],[-122.5,47.512036],[-122.498724,47.511964],[-122.497409,47.511942],[-122.497317,47.511969],[-122.497152,47.512004],[-122.496994,47.51205],[-122.496702,47.512174],[-122.496454,47.512336],[-122.496412,47.512414],[-122.496396,47.512491],[-122.495877,47.512966],[-122.494935,47.513965],[-122.493425,47.515221],[-122.490808,47.516115],[-122.484524,47.516951],[-122.409105,47.522805],[-122.399835,47.523355],[-122.396458,47.523184],[-122.395631,47.523218],[-122.394908,47.523221],[-122.39369,47.523226],[-122.39363,47.523226],[-122.393505,47.523214],[-122.393353,47.523201],[-122.393384,47.523114],[-122.393173,47.522991],[-122.393131,47.522907],[-122.39298,47.522907],[-122.392968,47.522869],[-122.39285,47.522551],[-122.392844,47.522454],[-122.392871,47.52231],[-122.392913,47.522177],[-122.392919,47.522155],[-122.392919,47.522016],[-122.392894,47.521964],[-122.39207,47.521547],[-122.391157,47.521091],[-122.390925,47.521014],[-122.390404,47.520857],[-122.390229,47.520807],[-122.390106,47.520783],[-122.389232,47.520611],[-122.389074,47.52066],[-122.388145,47.520952],[-122.387827,47.521059],[-122.387627,47.521187],[-122.387507,47.521354],[-122.387488,47.521415],[-122.387479,47.521479],[-122.387479,47.521566],[-122.387478,47.521598],[-122.387478,47.521708],[-122.387477,47.521935],[-122.387477,47.521995],[-122.387476,47.522064],[-122.387469,47.522117],[-122.387434,47.522219],[-122.38736,47.52231],[-122.38725,47.522383],[-122.387115,47.522433],[-122.387041,47.522447],[-122.386779,47.522473],[-122.386609,47.52248],[-122.386358,47.522449],[-122.386279,47.522427],[-122.386208,47.522403],[-122.386018,47.522305],[-122.385473,47.521901],[-122.385252,47.521762],[-122.385012,47.521636],[-122.384895,47.521579],[-122.384178,47.521229],[-122.383922,47.521117],[-122.38374,47.521074],[-122.383441,47.521036],[-122.383219,47.521039],[-122.382952,47.521065],[-122.382582,47.521119],[-122.382421,47.521126],[-122.382139,47.521118],[-122.38166,47.521115],[-122.381458,47.521113],[-122.380802,47.521108],[-122.379836,47.521092],[-122.379454,47.521093],[-122.378778,47.521093],[-122.378116,47.521093],[-122.377474,47.521085],[-122.377242,47.521082],[-122.377085,47.52108],[-122.37676,47.521076],[-122.376614,47.521076],[-122.376357,47.521076],[-122.376083,47.521075],[-122.375424,47.521074],[-122.374756,47.52107],[-122.374063,47.521068],[-122.372716,47.521056],[-122.372021,47.521053],[-122.371445,47.52105],[-122.371346,47.52105],[-122.371239,47.521049],[-122.370657,47.521045],[-122.369992,47.52104],[-122.36874,47.521042],[-122.367649,47.521036],[-122.367346,47.521034],[-122.367248,47.521033],[-122.366741,47.521031],[-122.366028,47.521028],[-122.365901,47.521027],[-122.365761,47.521027],[-122.365226,47.521026],[-122.364973,47.521026],[-122.364567,47.521025],[-122.364386,47.521029],[-122.364023,47.521084],[-122.363795,47.521157],[-122.363709,47.521081],[-122.36367,47.521053],[-122.363598,47.521035],[-122.363229,47.52103],[-122.363009,47.521028],[-122.362624,47.521025],[-122.362288,47.521025],[-122.361823,47.521026],[-122.361369,47.521026],[-122.361115,47.521027],[-122.360538,47.521032],[-122.359841,47.52103],[-122.359189,47.521033],[-122.358464,47.521024],[-122.358395,47.520946],[-122.357842,47.520325],[-122.357154,47.519582],[-122.356799,47.519199],[-122.356482,47.518822],[-122.355832,47.518123],[-122.35549,47.517754],[-122.355398,47.517656],[-122.355121,47.517358],[-122.354825,47.517357],[-122.354384,47.517356],[-122.354022,47.517355],[-122.353782,47.517355],[-122.353491,47.517354],[-122.352897,47.517353],[-122.352481,47.517352],[-122.350663,47.517326],[-122.349243,47.51732],[-122.347956,47.517305],[-122.346695,47.517312],[-122.345419,47.517299],[-122.345412,47.517216],[-122.345346,47.516331],[-122.344842,47.516329],[-122.34476,47.516325],[-122.344512,47.516329],[-122.344248,47.51633],[-122.344197,47.515648],[-122.344146,47.51493],[-122.344141,47.514867],[-122.344114,47.514493],[-122.344102,47.514336],[-122.344024,47.51416],[-122.344004,47.514122],[-122.343912,47.514137],[-122.34373,47.51415],[-122.343581,47.514143],[-122.343306,47.514098],[-122.3432,47.514052],[-122.34269,47.513762],[-122.342533,47.513705],[-122.342316,47.513649],[-122.342226,47.513633],[-122.34205,47.513618],[-122.341458,47.51362],[-122.341115,47.513642],[-122.341097,47.513591],[-122.341042,47.513439],[-122.341016,47.513254],[-122.340936,47.512221],[-122.340881,47.51206],[-122.339482,47.51208],[-122.339277,47.510284],[-122.339216,47.508636],[-122.337959,47.508618],[-122.3369,47.508603],[-122.3358,47.508587],[-122.334777,47.508572],[-122.333622,47.508555],[-122.33239,47.508556],[-122.331131,47.508545],[-122.330949,47.508553],[-122.330757,47.508586],[-122.330502,47.508661],[-122.329831,47.508931],[-122.329701,47.508968],[-122.329472,47.508997],[-122.32873,47.509012],[-122.328402,47.509047],[-122.328145,47.509088],[-122.328099,47.508938],[-122.328061,47.50873],[-122.32806,47.508675],[-122.328059,47.508638],[-122.328088,47.508438],[-122.32811,47.508374],[-122.32817,47.508225],[-122.328233,47.50811],[-122.327907,47.50801],[-122.327847,47.507991],[-122.32755,47.507889],[-122.32736,47.50782],[-122.327148,47.507715],[-122.326903,47.507558],[-122.326711,47.50737],[-122.326512,47.507117],[-122.326036,47.506421],[-122.325936,47.506259],[-122.325855,47.50613],[-122.32572,47.505814],[-122.325684,47.505684],[-122.325649,47.505195],[-122.325635,47.504105],[-122.325639,47.503934],[-122.325883,47.503126],[-122.325888,47.503033],[-122.325852,47.502866],[-122.325717,47.502705],[-122.325589,47.502728],[-122.325463,47.502743],[-122.324357,47.502752],[-122.324207,47.502753],[-122.323909,47.502781],[-122.323861,47.502791],[-122.323812,47.502807],[-122.323692,47.502854],[-122.323351,47.502979],[-122.323272,47.503008],[-122.323226,47.503025],[-122.323123,47.503048],[-122.323043,47.503052],[-122.322945,47.503053],[-122.32253,47.503054],[-122.322471,47.503055],[-122.321879,47.50306],[-122.321288,47.503044],[-122.320556,47.503037],[-122.32044,47.503037],[-122.31788,47.503031],[-122.317203,47.503014],[-122.316657,47.502968],[-122.316333,47.502912],[-122.315832,47.502787],[-122.315685,47.502739],[-122.315617,47.502717],[-122.31529,47.502592],[-122.314981,47.502446],[-122.314582,47.502193],[-122.314352,47.502009],[-122.314087,47.501722],[-122.313872,47.501453],[-122.312729,47.499433],[-122.312566,47.499123],[-122.312252,47.498623],[-122.312108,47.498423],[-122.311999,47.498319],[-122.311859,47.498219],[-122.311792,47.498182],[-122.311675,47.498138],[-122.311467,47.498091],[-122.310364,47.497923],[-122.309921,47.497886],[-122.309779,47.497874],[-122.309345,47.497838],[-122.309089,47.497804],[-122.309022,47.497786],[-122.308953,47.497752],[-122.307881,47.498476],[-122.30783,47.498511],[-122.307459,47.498786],[-122.307195,47.498977],[-122.3071,47.499046],[-122.306896,47.499205],[-122.306771,47.499317],[-122.306627,47.499312],[-122.306411,47.499311],[-122.306143,47.499306],[-122.305952,47.49931],[-122.305641,47.499309],[-122.305285,47.499279],[-122.305092,47.499279],[-122.304786,47.499286],[-122.304648,47.499305],[-122.30451,47.499307],[-122.304066,47.499305],[-122.30243,47.499325],[-122.302271,47.499369],[-122.302169,47.499416],[-122.302036,47.499502],[-122.301781,47.499775],[-122.301647,47.499914],[-122.30143,47.500063],[-122.301179,47.500151],[-122.301034,47.50018],[-122.300872,47.500189],[-122.300631,47.500175],[-122.2994,47.500005],[-122.299249,47.499963],[-122.299102,47.499899],[-122.298771,47.499719],[-122.298242,47.499406],[-122.297969,47.499254],[-122.297543,47.498942],[-122.297505,47.498892],[-122.297049,47.498257],[-122.296825,47.497978],[-122.296692,47.497874],[-122.296572,47.497794],[-122.296445,47.497737],[-122.296305,47.497693],[-122.295972,47.497646],[-122.295815,47.497633],[-122.295295,47.497608],[-122.294931,47.497529],[-122.294082,47.497363],[-122.292863,47.49721],[-122.292186,47.49713],[-122.2915,47.497142],[-122.291022,47.497168],[-122.288749,47.497396],[-122.287848,47.497408],[-122.287301,47.497364],[-122.28694,47.497317],[-122.28633,47.497201],[-122.285605,47.497024],[-122.284998,47.496778],[-122.284434,47.496511],[-122.283872,47.496175],[-122.283313,47.495748],[-122.2828,47.495098],[-122.282515,47.494559],[-122.282378,47.49411],[-122.282295,47.493741],[-122.281814,47.490857],[-122.281698,47.490504],[-122.281342,47.4898],[-122.281091,47.489489],[-122.28087,47.489256],[-122.28072,47.489114],[-122.280508,47.488931],[-122.280118,47.488643],[-122.279039,47.487919],[-122.278661,47.487617],[-122.278206,47.487223],[-122.277839,47.486809],[-122.277752,47.486677],[-122.277631,47.486344],[-122.277561,47.485754],[-122.27753,47.485648],[-122.277423,47.485445],[-122.277283,47.485274],[-122.276963,47.484927],[-122.276778,47.485],[-122.276546,47.485112],[-122.276455,47.485168],[-122.276252,47.485292],[-122.275994,47.485466],[-122.27576,47.485629],[-122.275254,47.48598],[-122.274921,47.486211],[-122.274445,47.485908],[-122.274139,47.485712],[-122.273856,47.48555],[-122.273588,47.485396],[-122.273461,47.485324],[-122.272932,47.485033],[-122.272734,47.484921],[-122.272433,47.484753],[-122.272289,47.484673],[-122.271762,47.484378],[-122.271332,47.484129],[-122.270971,47.483928],[-122.270133,47.483426],[-122.269618,47.483132],[-122.269539,47.483088],[-122.269327,47.482964],[-122.269082,47.482819],[-122.268931,47.48273],[-122.268367,47.482397],[-122.268219,47.482311],[-122.26772,47.482017],[-122.267286,47.481761],[-122.267063,47.48163],[-122.266524,47.481312],[-122.265953,47.480938],[-122.265735,47.480796],[-122.265015,47.480303],[-122.263989,47.479602],[-122.263419,47.479212],[-122.262824,47.478805],[-122.262616,47.478667],[-122.262497,47.478589],[-122.262162,47.478367],[-122.261875,47.478177],[-122.26152,47.477942],[-122.261253,47.477767],[-122.260909,47.477541],[-122.260283,47.477132],[-122.260215,47.477087],[-122.260115,47.477022],[-122.259781,47.476803],[-122.260215,47.477087],[-122.260283,47.477132],[-122.260909,47.477541],[-122.261253,47.477767],[-122.26152,47.477942],[-122.261875,47.478177],[-122.262162,47.478367],[-122.262497,47.478589],[-122.262616,47.478667],[-122.262824,47.478805],[-122.263419,47.479212],[-122.263989,47.479602],[-122.265015,47.480303],[-122.265735,47.480796],[-122.265953,47.480938],[-122.266524,47.481312],[-122.267063,47.48163],[-122.267286,47.481761],[-122.26772,47.482017],[-122.268219,47.482311],[-122.268367,47.482397],[-122.268931,47.48273],[-122.269082,47.482819],[-122.269327,47.482964],[-122.269402,47.483057],[-122.269488,47.483261],[-122.269508,47.483366],[-122.269262,47.483888],[-122.269144,47.484242],[-122.268936,47.484602],[-122.268739,47.484831],[-122.268682,47.484887],[-122.268112,47.485355],[-122.267434,47.486034],[-122.265747,47.487345],[-122.265203,47.487855],[-122.264864,47.48823],[-122.264634,47.488582],[-122.264425,47.488992],[-122.264327,47.489299],[-122.264271,47.489572],[-122.26424,47.489901],[-122.264238,47.490266],[-122.264295,47.490613],[-122.264408,47.490964],[-122.264565,47.491295],[-122.264794,47.491631],[-122.264985,47.491886],[-122.265266,47.4922],[-122.265781,47.492675],[-122.271467,47.497366],[-122.272531,47.498338],[-122.273718,47.49948],[-122.27429,47.50022],[-122.274974,47.500926],[-122.277311,47.503184],[-122.277672,47.503664],[-122.277811,47.503859],[-122.27799,47.504277],[-122.278077,47.504458],[-122.278174,47.504753],[-122.27824,47.505136],[-122.278266,47.50575],[-122.27824,47.506898],[-122.27825,47.507157],[-122.278267,47.507602],[-122.27826,47.50802],[-122.278276,47.509683],[-122.278277,47.509842],[-122.278421,47.511465],[-122.278591,47.512852],[-122.278685,47.513496],[-122.278711,47.513723],[-122.278787,47.514418],[-122.278841,47.514906],[-122.2789,47.515447],[-122.279039,47.51632],[-122.279097,47.51661],[-122.279117,47.516712],[-122.279186,47.517063],[-122.279213,47.517163],[-122.279397,47.51788],[-122.279495,47.518258],[-122.279547,47.518467],[-122.279756,47.519397],[-122.279811,47.519918],[-122.279795,47.520218],[-122.279746,47.520584],[-122.27957,47.521294],[-122.279479,47.521605],[-122.279372,47.521973],[-122.279281,47.522256],[-122.279149,47.522702],[-122.279027,47.523118],[-122.278984,47.523264],[-122.278927,47.523544],[-122.278876,47.523824],[-122.278802,47.524155],[-122.278774,47.524272],[-122.278713,47.524648],[-122.278705,47.524932],[-122.278731,47.525225],[-122.278801,47.52557],[-122.278813,47.525602],[-122.278857,47.525725],[-122.279061,47.526124],[-122.279924,47.527774],[-122.279981,47.527879],[-122.280094,47.5281],[-122.280229,47.528375],[-122.280333,47.528613],[-122.28044,47.528958],[-122.280492,47.529207],[-122.28054,47.529566],[-122.280556,47.529821],[-122.280564,47.529962],[-122.280574,47.530837],[-122.280575,47.531033],[-122.280579,47.531537],[-122.28059,47.531939],[-122.280601,47.532165],[-122.280601,47.53252],[-122.280609,47.53275],[-122.280613,47.532926],[-122.280627,47.533394],[-122.280632,47.533469],[-122.280637,47.533666],[-122.280641,47.534068],[-122.280648,47.53482],[-122.280651,47.53509],[-122.280651,47.53516],[-122.280653,47.53529],[-122.280651,47.535449],[-122.280649,47.535563],[-122.280657,47.535907],[-122.280658,47.535927],[-122.280664,47.536022],[-122.28067,47.536111],[-122.280736,47.536462],[-122.280898,47.536934],[-122.280947,47.537053],[-122.28102,47.537231],[-122.281086,47.537366],[-122.281409,47.538022],[-122.281599,47.538394],[-122.281644,47.538492],[-122.28179,47.538768],[-122.281858,47.538897],[-122.282002,47.539157],[-122.282836,47.540659],[-122.282894,47.540761],[-122.283688,47.542474],[-122.283886,47.542867],[-122.284048,47.543188],[-122.284402,47.54389],[-122.284515,47.544113],[-122.284686,47.544454],[-122.284774,47.544627],[-122.284954,47.545027],[-122.285085,47.545317],[-122.285183,47.545513],[-122.285451,47.546048],[-122.285593,47.546335],[-122.285955,47.54707],[-122.286106,47.547376],[-122.286457,47.548104],[-122.286499,47.548195],[-122.286607,47.548424],[-122.286854,47.548972],[-122.287238,47.549779],[-122.287473,47.550269],[-122.287657,47.550652],[-122.287678,47.550697],[-122.287933,47.551226],[-122.288003,47.551371],[-122.288101,47.551558],[-122.288209,47.55177],[-122.288312,47.551975],[-122.288675,47.552714],[-122.288811,47.552991],[-122.289037,47.553451],[-122.289405,47.554251],[-122.289561,47.554591],[-122.289638,47.554762],[-122.289835,47.555195],[-122.289907,47.555347],[-122.290213,47.555948],[-122.290792,47.556908],[-122.290878,47.55705],[-122.29101,47.557274],[-122.291362,47.557868],[-122.291554,47.558174],[-122.291603,47.558254],[-122.291784,47.558551],[-122.291863,47.558684],[-122.291931,47.558799],[-122.292252,47.559332],[-122.292852,47.560272],[-122.29311,47.560677],[-122.293198,47.560816],[-122.293284,47.560949],[-122.293471,47.561239],[-122.293528,47.561325],[-122.293922,47.561932],[-122.294465,47.562771],[-122.294505,47.562827],[-122.294571,47.56293],[-122.294615,47.562996],[-122.295147,47.563769],[-122.295202,47.56386],[-122.29561,47.564507],[-122.296059,47.565202],[-122.296325,47.565629],[-122.296459,47.565843],[-122.296531,47.565957],[-122.296639,47.566169],[-122.296686,47.566291],[-122.296723,47.566385],[-122.296827,47.566799],[-122.296846,47.567029],[-122.296847,47.567162],[-122.296823,47.567896],[-122.296815,47.568135],[-122.296795,47.570539],[-122.296755,47.571211],[-122.296744,47.571391],[-122.296739,47.571866],[-122.296736,47.572016],[-122.296737,47.572103],[-122.296741,47.572341],[-122.296744,47.572445],[-122.296733,47.573294],[-122.296707,47.574228],[-122.296696,47.5746],[-122.29671,47.575094],[-122.29672,47.575376],[-122.296726,47.575539],[-122.296775,47.575701],[-122.296773,47.57574],[-122.296751,47.575917],[-122.296719,47.576056],[-122.296649,47.576258],[-122.296598,47.576364],[-122.296808,47.576628],[-122.296864,47.576698],[-122.297002,47.576872],[-122.297086,47.576978],[-122.297177,47.577092],[-122.297242,47.577174],[-122.297254,47.57719],[-122.297445,47.577431],[-122.297468,47.577459],[-122.297545,47.577556],[-122.297719,47.577791],[-122.297845,47.577961],[-122.298034,47.578216],[-122.298129,47.578346],[-122.298429,47.578738],[-122.298531,47.578871],[-122.298669,47.579051],[-122.298735,47.579137],[-122.299041,47.579537],[-122.299169,47.579705],[-122.299217,47.579768],[-122.299341,47.579928],[-122.299438,47.580057],[-122.299471,47.5801],[-122.299604,47.580274],[-122.299998,47.580788],[-122.30017,47.581013],[-122.300355,47.581273],[-122.300442,47.581411],[-122.300507,47.5815],[-122.300961,47.582065],[-122.301097,47.582234],[-122.301533,47.582776],[-122.301614,47.582884],[-122.301706,47.583003],[-122.301819,47.583151],[-122.30221,47.583648],[-122.302296,47.583765],[-122.302344,47.58383],[-122.302709,47.584326],[-122.302853,47.58452],[-122.302951,47.584652],[-122.302949,47.58484],[-122.302943,47.585207],[-122.30294,47.585418],[-122.302939,47.585493],[-122.302936,47.585573],[-122.302926,47.585908],[-122.302913,47.586323],[-122.302892,47.586401],[-122.302853,47.58653],[-122.302842,47.586559],[-122.302696,47.586924],[-122.302651,47.587066],[-122.302627,47.587203],[-122.302591,47.588367],[-122.302587,47.588453],[-122.302553,47.588777],[-122.302268,47.58962],[-122.302179,47.590115],[-122.302168,47.590726],[-122.302195,47.590987],[-122.302292,47.59137],[-122.302465,47.591821],[-122.30249,47.591883],[-122.302522,47.591959],[-122.302662,47.592397],[-122.302666,47.5925],[-122.302598,47.592764],[-122.302517,47.592922],[-122.302437,47.593085],[-122.302306,47.593312],[-122.302259,47.593464],[-122.302219,47.593823],[-122.302232,47.594573],[-122.302242,47.595501],[-122.302243,47.595573],[-122.302242,47.595644],[-122.302233,47.596479],[-122.302234,47.596751],[-122.302237,47.597818],[-122.302237,47.597878],[-122.302243,47.59835],[-122.30223,47.598969],[-122.302229,47.599029],[-122.302223,47.599274],[-122.302228,47.599671],[-122.30223,47.599795],[-122.302236,47.600309],[-122.302238,47.60112],[-122.302238,47.601145],[-122.302257,47.601445],[-122.302296,47.601579],[-122.302321,47.601662],[-122.302357,47.601769],[-122.302428,47.602039],[-122.302428,47.602064],[-122.302427,47.602242],[-122.302427,47.602361],[-122.302427,47.602611],[-122.302426,47.602676],[-122.302427,47.602729],[-122.302435,47.6032],[-122.302439,47.603454],[-122.30244,47.60351],[-122.302441,47.60357],[-122.302446,47.604268],[-122.302446,47.604338],[-122.30245,47.604407],[-122.302497,47.60469],[-122.302636,47.605095],[-122.302655,47.60515],[-122.302668,47.605192],[-122.30268,47.605229],[-122.302723,47.60536],[-122.302772,47.605567],[-122.302785,47.605894],[-122.302785,47.606168],[-122.302788,47.606257],[-122.30279,47.606435],[-122.302793,47.60689],[-122.302789,47.60754],[-122.302788,47.607711],[-122.302787,47.607932],[-122.302786,47.608017],[-122.302773,47.609023],[-122.302753,47.610013],[-122.302727,47.611574],[-122.302719,47.612082],[-122.302714,47.612227],[-122.302704,47.612942],[-122.302698,47.613297],[-122.302686,47.614012],[-122.302683,47.614165],[-122.302655,47.614815],[-122.302636,47.615248],[-122.302634,47.615305],[-122.302631,47.615385],[-122.302597,47.616473],[-122.302575,47.617113],[-122.302574,47.617255],[-122.302563,47.618936],[-122.302552,47.61909],[-122.302545,47.619184],[-122.302542,47.61934],[-122.302522,47.620215],[-122.302514,47.620603],[-122.302502,47.621132],[-122.302496,47.621377],[-122.30248,47.622159],[-122.30247,47.622662],[-122.302463,47.622984],[-122.302459,47.623172],[-122.302455,47.623412],[-122.302439,47.624402],[-122.30243,47.624961],[-122.302426,47.625209],[-122.302424,47.625336],[-122.30242,47.625581],[-122.302414,47.625938],[-122.302408,47.626311],[-122.302404,47.626582],[-122.302402,47.626694],[-122.3024,47.626822],[-122.302396,47.627065],[-122.302393,47.627254],[-122.30237,47.627391],[-122.30235,47.627437],[-122.302308,47.627508],[-122.302242,47.627586],[-122.30204,47.627812],[-122.301834,47.628052],[-122.301777,47.62813],[-122.301749,47.628181],[-122.301725,47.628239],[-122.3017,47.628416],[-122.30169,47.629021],[-122.301685,47.629269],[-122.301681,47.629507],[-122.301668,47.630268],[-122.301651,47.631289],[-122.301635,47.63223],[-122.301634,47.63229],[-122.301632,47.632354],[-122.301631,47.632431],[-122.301629,47.632569],[-122.301624,47.632816],[-122.301608,47.633613],[-122.301598,47.634146],[-122.301594,47.63437],[-122.30159,47.634587],[-122.301586,47.634797],[-122.301581,47.635043],[-122.301578,47.635185],[-122.301577,47.635254],[-122.301575,47.635349],[-122.30156,47.636227],[-122.301545,47.637071],[-122.301535,47.63769],[-122.301537,47.637891],[-122.301542,47.637924],[-122.301556,47.637985],[-122.301588,47.638085],[-122.301663,47.638324],[-122.301797,47.638714],[-122.301925,47.639117],[-122.302049,47.639452],[-122.302068,47.639528],[-122.302079,47.639587],[-122.302087,47.640134],[-122.302088,47.64026],[-122.302084,47.640658],[-122.302083,47.640727],[-122.302081,47.640983],[-122.302077,47.641715],[-122.302072,47.642213],[-122.302115,47.642396],[-122.302148,47.642454],[-122.302195,47.642514],[-122.302252,47.64257],[-122.30283,47.642995],[-122.302872,47.643026],[-122.302898,47.643067],[-122.302916,47.643096],[-122.30304,47.643182],[-122.303279,47.64335],[-122.30372,47.643658],[-122.303792,47.643722],[-122.303995,47.643933],[-122.304025,47.643972],[-122.304068,47.644027],[-122.304098,47.644075],[-122.304269,47.644313],[-122.30435,47.644455],[-122.304377,47.644501],[-122.304424,47.644582],[-122.304451,47.644655],[-122.304469,47.644706],[-122.304514,47.645092],[-122.304513,47.645327],[-122.304512,47.645557],[-122.30451,47.645897],[-122.304509,47.645969],[-122.304507,47.646268],[-122.304509,47.646322],[-122.304526,47.646409],[-122.304561,47.64655],[-122.304585,47.646666],[-122.304629,47.646777],[-122.304625,47.646904],[-122.304614,47.647689],[-122.304616,47.64781],[-122.304615,47.64803],[-122.304604,47.648538],[-122.304583,47.649018],[-122.304572,47.649204],[-122.304545,47.649514],[-122.304476,47.64976],[-122.304409,47.649978],[-122.304347,47.650155],[-122.304178,47.650556],[-122.304126,47.650645],[-122.303959,47.650953],[-122.303886,47.651066],[-122.303619,47.651562],[-122.303489,47.651803],[-122.303318,47.652138],[-122.303143,47.652405],[-122.303036,47.652682],[-122.302983,47.652829],[-122.302573,47.654202],[-122.302323,47.655037],[-122.302151,47.655648],[-122.302111,47.655805],[-122.302121,47.656011],[-122.302087,47.65612],[-122.301999,47.656399],[-122.301842,47.656893],[-122.301425,47.658325],[-122.300996,47.659056],[-122.30099,47.659399],[-122.300951,47.659655],[-122.30093,47.659825],[-122.300901,47.660064],[-122.300947,47.660224],[-122.300926,47.66039],[-122.300912,47.660497],[-122.300908,47.660606],[-122.300907,47.660616],[-122.300903,47.660947],[-122.300892,47.661383],[-122.30089,47.661811],[-122.300892,47.662058],[-122.300894,47.662447],[-122.300894,47.662516],[-122.300895,47.662589],[-122.300897,47.662856],[-122.300899,47.663083],[-122.300899,47.663153],[-122.300899,47.663181],[-122.300899,47.663207],[-122.3009,47.663292],[-122.3009,47.663379],[-122.300901,47.663566],[-122.300901,47.663639],[-122.300902,47.663699],[-122.300902,47.663779],[-122.300904,47.664096],[-122.300905,47.664289],[-122.300905,47.664348],[-122.300906,47.664415],[-122.300903,47.664466],[-122.3009,47.664504],[-122.300898,47.664549],[-122.300893,47.664621],[-122.300874,47.664759],[-122.300865,47.664787],[-122.30085,47.664848],[-122.300829,47.664925],[-122.300824,47.664945],[-122.300691,47.665454],[-122.300676,47.665547],[-122.300656,47.665668],[-122.300645,47.665734],[-122.300619,47.665889],[-122.300616,47.665909],[-122.300612,47.666001],[-122.300611,47.66606],[-122.300606,47.666177],[-122.300605,47.666275],[-122.300606,47.666388],[-122.300606,47.666479],[-122.300607,47.666569],[-122.300607,47.66664],[-122.300609,47.666817],[-122.30061,47.66699],[-122.300612,47.66734],[-122.300613,47.667541],[-122.300615,47.667784],[-122.300616,47.667925],[-122.300617,47.667992],[-122.300617,47.668149],[-122.300617,47.668162],[-122.300618,47.668275],[-122.300618,47.668381],[-122.300619,47.668534],[-122.300618,47.668724],[-122.300618,47.668773],[-122.300617,47.669082],[-122.300612,47.669998],[-122.300627,47.670921],[-122.300643,47.671876],[-122.300647,47.672155],[-122.300648,47.672444],[-122.300653,47.673816],[-122.300664,47.675784],[-122.300661,47.675924],[-122.300659,47.67607],[-122.300658,47.676139],[-122.300657,47.676226],[-122.300656,47.676277],[-122.300655,47.676301],[-122.30065,47.676674],[-122.300635,47.677602],[-122.300677,47.679405],[-122.300701,47.682029],[-122.300732,47.682628],[-122.300741,47.68281],[-122.300754,47.683057],[-122.300755,47.683202],[-122.300755,47.683264],[-122.300755,47.683559],[-122.300759,47.683942],[-122.300757,47.684067],[-122.300764,47.684864],[-122.300789,47.686124],[-122.300793,47.686334],[-122.300827,47.686547],[-122.300874,47.68667],[-122.301389,47.687412],[-122.301456,47.687509],[-122.301511,47.687599],[-122.301575,47.687703],[-122.301631,47.687833],[-122.301699,47.68817],[-122.301685,47.688443],[-122.301679,47.688505],[-122.301656,47.688612],[-122.301486,47.689471],[-122.301471,47.689593],[-122.301507,47.689829],[-122.301566,47.689971],[-122.301692,47.690264],[-122.30205,47.691191],[-122.302081,47.69127],[-122.302097,47.69131],[-122.30277,47.693012],[-122.302889,47.693275],[-122.303042,47.693481],[-122.303106,47.693545],[-122.303176,47.693605],[-122.30358,47.693916],[-122.303628,47.693953],[-122.303729,47.694031],[-122.304492,47.69462],[-122.305014,47.695023],[-122.305106,47.695119],[-122.305174,47.695224],[-122.305337,47.69562],[-122.30539,47.695748],[-122.305433,47.695824],[-122.305476,47.695887],[-122.305562,47.696067],[-122.305708,47.696387],[-122.305763,47.696509],[-122.305747,47.69669],[-122.30568,47.69705],[-122.305566,47.697405],[-122.305492,47.697579],[-122.305437,47.697691],[-122.305268,47.697987],[-122.305184,47.698111],[-122.305172,47.698129],[-122.304956,47.698407],[-122.303582,47.70001],[-122.30335,47.700283],[-122.303172,47.700491],[-122.303002,47.700689],[-122.302897,47.700812],[-122.302814,47.700909],[-122.30263,47.701124],[-122.302587,47.701178],[-122.302193,47.701669],[-122.302101,47.701798],[-122.302018,47.70193],[-122.301942,47.702063],[-122.301854,47.702244],[-122.30179,47.702405],[-122.30178,47.702428],[-122.301722,47.702615],[-122.301679,47.702803],[-122.301651,47.702993],[-122.301638,47.703179],[-122.301639,47.703385],[-122.30164,47.703535],[-122.301641,47.70384],[-122.301642,47.70397],[-122.301643,47.704131],[-122.301644,47.704335],[-122.301645,47.704516],[-122.301646,47.704774],[-122.301647,47.705015],[-122.301646,47.705106],[-122.301649,47.705508],[-122.30165,47.705655],[-122.301651,47.705831],[-122.301649,47.706041],[-122.301656,47.706706],[-122.301648,47.706853],[-122.301646,47.7069],[-122.301638,47.706992],[-122.30163,47.707093],[-122.301616,47.707229],[-122.30161,47.707287],[-122.301517,47.707865],[-122.301477,47.708032],[-122.301429,47.708248],[-122.301378,47.708438],[-122.30133,47.708595],[-122.301317,47.708639],[-122.301286,47.708733],[-122.301251,47.708839],[-122.301224,47.708913],[-122.301179,47.709038],[-122.301161,47.709085],[-122.301113,47.709208],[-122.301077,47.709296],[-122.300874,47.709745],[-122.300825,47.709843],[-122.300804,47.709885],[-122.300741,47.710005],[-122.300692,47.710101],[-122.300655,47.710158],[-122.300577,47.710291],[-122.300495,47.710423],[-122.300346,47.710513],[-122.300162,47.710831],[-122.299988,47.711132],[-122.299913,47.711261],[-122.299746,47.71155],[-122.299624,47.711761],[-122.299508,47.711962],[-122.299449,47.712066],[-122.299406,47.712137],[-122.299359,47.712218],[-122.299246,47.712412],[-122.298836,47.713112],[-122.298754,47.713252],[-122.298651,47.713427],[-122.298462,47.713743],[-122.298488,47.713824],[-122.298256,47.714223],[-122.298049,47.714577],[-122.297952,47.714652],[-122.297932,47.714669],[-122.297708,47.715027],[-122.297661,47.715122],[-122.297688,47.715202],[-122.297666,47.715239],[-122.297624,47.715305],[-122.297611,47.715324],[-122.297418,47.715623],[-122.297353,47.715739],[-122.297206,47.716006],[-122.297176,47.716059],[-122.297075,47.716085],[-122.297016,47.7162],[-122.296988,47.716253],[-122.297031,47.716309],[-122.296973,47.716403],[-122.296954,47.716432],[-122.29669,47.716857],[-122.296344,47.717414],[-122.296181,47.717722],[-122.296014,47.717887],[-122.295633,47.718488],[-122.295362,47.718934],[-122.295218,47.719171],[-122.295235,47.71927],[-122.295175,47.719376],[-122.294982,47.719715],[-122.294871,47.719806],[-122.294671,47.720094],[-122.294571,47.720261],[-122.294428,47.720499],[-122.294423,47.720638],[-122.294369,47.720727],[-122.294293,47.720851],[-122.294157,47.721073],[-122.294144,47.721095],[-122.294117,47.721142],[-122.29403,47.721294],[-122.293995,47.721354],[-122.293967,47.721404],[-122.293876,47.721426],[-122.293519,47.722101],[-122.293567,47.722178],[-122.29353,47.722248],[-122.293462,47.722372],[-122.293333,47.722611],[-122.293264,47.722731],[-122.293224,47.722802],[-122.293181,47.722889],[-122.29316,47.722965],[-122.293021,47.723325],[-122.292983,47.723422],[-122.29287,47.723537],[-122.292819,47.723636],[-122.292634,47.724225],[-122.29267,47.724315],[-122.292624,47.724482],[-122.292563,47.7247],[-122.29256,47.724713],[-122.292502,47.72495],[-122.292492,47.724997],[-122.292464,47.725124],[-122.292447,47.725202],[-122.292426,47.725309],[-122.292405,47.725421],[-122.292399,47.725453],[-122.292384,47.725542],[-122.292357,47.725706],[-122.29234,47.72583],[-122.292323,47.725958],[-122.292295,47.726211],[-122.292274,47.726465],[-122.292262,47.726667],[-122.292256,47.726815],[-122.292254,47.726868],[-122.29225,47.72703],[-122.292251,47.727071],[-122.292251,47.72713],[-122.292252,47.727273],[-122.292272,47.728015],[-122.292272,47.728019],[-122.29228,47.728319],[-122.292296,47.728943],[-122.292302,47.72915],[-122.292311,47.729466],[-122.29232,47.729786],[-122.292324,47.729941],[-122.292329,47.730096],[-122.292343,47.73074],[-122.292345,47.730822],[-122.29235,47.731058],[-122.292369,47.731948],[-122.292371,47.732016],[-122.292374,47.73214],[-122.292379,47.732238],[-122.292388,47.732434],[-122.292402,47.732726],[-122.292404,47.732768],[-122.292415,47.733024],[-122.292422,47.733189],[-122.292425,47.733276],[-122.292436,47.733524],[-122.292446,47.73376],[-122.292456,47.733874],[-122.292457,47.73394],[-122.292463,47.734251],[-122.292469,47.734622],[-122.29247,47.734635],[-122.292477,47.734732],[-122.292414,47.734806],[-122.292417,47.73493],[-122.292416,47.73503],[-122.292416,47.735123],[-122.292408,47.735266],[-122.292392,47.735409],[-122.292386,47.735557],[-122.292458,47.735614],[-122.29241,47.735803],[-122.2924,47.735842],[-122.292352,47.735985],[-122.292319,47.736083],[-122.292253,47.736257],[-122.292207,47.736344],[-122.292177,47.736384],[-122.292056,47.736424],[-122.29205,47.736435],[-122.29201,47.7365],[-122.291773,47.736858],[-122.291665,47.736993],[-122.291635,47.737031],[-122.291522,47.737165],[-122.291066,47.737707],[-122.290935,47.737865],[-122.290913,47.737892],[-122.290357,47.73856],[-122.29008,47.738893],[-122.289936,47.739066],[-122.289674,47.739381],[-122.289595,47.739476],[-122.289457,47.739626],[-122.289356,47.739724],[-122.289204,47.739909],[-122.289125,47.740005],[-122.28872,47.740498],[-122.28827,47.741044],[-122.288132,47.741217],[-122.287792,47.741642],[-122.28775,47.741694],[-122.287513,47.74199],[-122.287503,47.742014],[-122.287385,47.742289],[-122.287374,47.742304],[-122.287023,47.742768],[-122.28687,47.743053],[-122.286652,47.7436],[-122.286597,47.743821],[-122.28646,47.744377],[-122.286413,47.74457],[-122.286396,47.744639],[-122.286064,47.746019],[-122.285823,47.746682],[-122.285656,47.747001],[-122.28509,47.747884],[-122.284868,47.748246],[-122.284793,47.748356],[-122.284684,47.748513],[-122.284647,47.748568],[-122.284207,47.749193],[-122.283289,47.750168],[-122.282349,47.750859],[-122.282141,47.751003],[-122.282029,47.751066],[-122.28147,47.751436],[-122.281297,47.751521],[-122.280831,47.751747],[-122.280267,47.752021],[-122.280534,47.75228],[-122.28064,47.752392],[-122.280657,47.752576],[-122.280658,47.75267],[-122.280659,47.752752],[-122.28066,47.752819],[-122.280684,47.755266],[-122.280686,47.75545],[-122.280687,47.755548],[-122.280689,47.75571],[-122.280648,47.75571],[-122.280083,47.755716],[-122.28008,47.755811],[-122.280082,47.755852],[-122.280125,47.755886],[-122.280055,47.755933],[-122.279961,47.755996],[-122.279903,47.756034],[-122.280546,47.756549],[-122.280643,47.756635],[-122.281001,47.756966],[-122.281342,47.757339],[-122.282917,47.759069],[-122.28347,47.759675],[-122.283716,47.759973],[-122.283836,47.760042],[-122.283888,47.760059],[-122.283909,47.760159],[-122.284984,47.761873],[-122.285188,47.762073],[-122.285265,47.762183],[-122.285284,47.762334],[-122.285258,47.762731],[-122.285257,47.763061],[-122.285436,47.763415],[-122.2855,47.763598],[-122.285522,47.763673],[-122.285531,47.763929],[-122.285516,47.764155],[-122.285298,47.76471],[-122.285243,47.764849],[-122.285182,47.765098],[-122.28517,47.765327],[-122.285157,47.765586],[-122.285118,47.765801],[-122.285029,47.765947],[-122.283845,47.76722],[-122.283792,47.767323],[-122.283784,47.767459],[-122.283814,47.767605],[-122.28392,47.767877],[-122.28421,47.768333],[-122.284907,47.768895],[-122.285017,47.769032],[-122.285372,47.769975],[-122.285696,47.770763],[-122.285829,47.77097],[-122.285854,47.771009],[-122.28631,47.771596],[-122.286712,47.772105],[-122.286825,47.772191],[-122.287554,47.772523],[-122.287868,47.772594],[-122.288088,47.772649],[-122.288268,47.772743],[-122.288433,47.772894],[-122.288667,47.773143],[-122.289628,47.774202],[-122.289797,47.774388],[-122.289795,47.774633],[-122.289868,47.774863],[-122.290235,47.77554],[-122.290314,47.775798],[-122.290296,47.776187],[-122.290186,47.776915],[-122.290092,47.777367],[-122.289868,47.778306],[-122.289836,47.77911],[-122.289799,47.779661],[-122.289788,47.780274],[-122.289862,47.781477],[-122.289934,47.781939],[-122.289948,47.781989],[-122.290294,47.783241],[-122.290631,47.78448],[-122.290734,47.78486],[-122.290863,47.785328],[-122.2912,47.786548],[-122.291655,47.788118],[-122.291841,47.788715],[-122.292033,47.789331],[-122.292145,47.789717],[-122.292206,47.790108],[-122.292243,47.790517],[-122.292239,47.791284],[-122.292241,47.791474],[-122.292245,47.791895],[-122.292256,47.79231],[-122.292263,47.792569],[-122.292268,47.792937],[-122.292275,47.793421],[-122.29228,47.793723],[-122.292273,47.794515],[-122.292288,47.795182],[-122.292285,47.796099],[-122.292288,47.796903],[-122.292288,47.796969],[-122.292289,47.797038],[-122.292296,47.797714],[-122.292323,47.798872],[-122.292323,47.799615],[-122.292323,47.799702],[-122.29233,47.80047],[-122.292327,47.800956],[-122.292323,47.801174],[-122.29232,47.801363],[-122.292309,47.801864],[-122.292308,47.80194],[-122.292308,47.802015],[-122.292311,47.802489],[-122.292313,47.80275],[-122.292314,47.80293],[-122.29232,47.803096],[-122.292345,47.803735],[-122.292348,47.804],[-122.292356,47.804535],[-122.292357,47.804614],[-122.292357,47.80471],[-122.29236,47.805424],[-122.292361,47.805738],[-122.292362,47.805881],[-122.292363,47.806314],[-122.292364,47.806446],[-122.292297,47.806567],[-122.292289,47.806967],[-122.292287,47.807119],[-122.292352,47.807209],[-122.292345,47.807394],[-122.292343,47.807558],[-122.292339,47.807935],[-122.292338,47.808135],[-122.292333,47.808889],[-122.292331,47.809126],[-122.292323,47.810215],[-122.29232,47.810513],[-122.292319,47.810616],[-122.292321,47.810721],[-122.292304,47.812271],[-122.292303,47.812393],[-122.292289,47.812967],[-122.292275,47.813526],[-122.292283,47.814724],[-122.292292,47.814967],[-122.292316,47.815561],[-122.29234,47.816188],[-122.29234,47.816215],[-122.292338,47.816549],[-122.292337,47.816778],[-122.292334,47.817181],[-122.292334,47.81732],[-122.292338,47.817462],[-122.292354,47.817908],[-122.292368,47.818324],[-122.292376,47.81855],[-122.292387,47.818902],[-122.292398,47.819216],[-122.292404,47.819385],[-122.2924,47.819649],[-122.292407,47.819965],[-122.292408,47.820309],[-122.292409,47.820416],[-122.292409,47.820501],[-122.29241,47.820806],[-122.292411,47.820941],[-122.29241,47.821112],[-122.292406,47.821529],[-122.292401,47.822045],[-122.292395,47.82274],[-122.292394,47.822809],[-122.292397,47.822927],[-122.292417,47.823963],[-122.292406,47.824588],[-122.2924,47.824903],[-122.292403,47.825448],[-122.292404,47.825731],[-122.292417,47.827132],[-122.292427,47.828148],[-122.292428,47.828251],[-122.29243,47.828338],[-122.292451,47.829312],[-122.292452,47.829522],[-122.292453,47.829594],[-122.292455,47.8298],[-122.292459,47.830302],[-122.29247,47.830857],[-122.292472,47.830936],[-122.292494,47.832036],[-122.292499,47.832341],[-122.292494,47.833079],[-122.292494,47.834024],[-122.292522,47.835549],[-122.292522,47.836038],[-122.292533,47.836561],[-122.29253,47.836691],[-122.292528,47.836912],[-122.292517,47.838299],[-122.292518,47.838386],[-122.29252,47.838715],[-122.292523,47.839159],[-122.29253,47.840061],[-122.292539,47.840722],[-122.292546,47.841006],[-122.29253,47.842242],[-122.292518,47.842805],[-122.29252,47.843022],[-122.292528,47.843653],[-122.292532,47.844017],[-122.292537,47.844431],[-122.292542,47.84493],[-122.292532,47.845665],[-122.292856,47.845664],[-122.293476,47.845661],[-122.29348,47.845982],[-122.293515,47.846039],[-122.29383,47.846105],[-122.294344,47.846212],[-122.294268,47.846367],[-122.29412,47.846413],[-122.294183,47.846583],[-122.294468,47.846542],[-122.294663,47.846514],[-122.294587,47.846706],[-122.294438,47.847083],[-122.294332,47.847349],[-122.294212,47.847651],[-122.2942,47.847681],[-122.294174,47.847762],[-122.294116,47.847941],[-122.293853,47.848616],[-122.29374,47.848928],[-122.293683,47.849087],[-122.293561,47.849427],[-122.293281,47.850206],[-122.293222,47.850339],[-122.292765,47.851366],[-122.292584,47.851781],[-122.292558,47.851841],[-122.292335,47.852299],[-122.292192,47.852595],[-122.291823,47.853357],[-122.291575,47.853697],[-122.291308,47.854061],[-122.291224,47.854176],[-122.291084,47.854328],[-122.290716,47.854728],[-122.290478,47.854988],[-122.290078,47.855423],[-122.290064,47.855439],[-122.289473,47.85612],[-122.289349,47.856245],[-122.289273,47.856331],[-122.288944,47.8567],[-122.288315,47.857398],[-122.288081,47.857622],[-122.287883,47.857811],[-122.287677,47.858026],[-122.287316,47.858401],[-122.287207,47.858518],[-122.286996,47.858744],[-122.286836,47.858916],[-122.285875,47.859946],[-122.285756,47.860073],[-122.285342,47.860518],[-122.285008,47.860875],[-122.284946,47.860942],[-122.284603,47.861309],[-122.284335,47.861596],[-122.284118,47.86183],[-122.283765,47.862207],[-122.283688,47.86229],[-122.283572,47.862414],[-122.283366,47.862635],[-122.282899,47.863136],[-122.282837,47.863203],[-122.28248,47.863585],[-122.282427,47.863643],[-122.282307,47.863775],[-122.282043,47.864065],[-122.28193,47.864188],[-122.281818,47.864312],[-122.281465,47.864698],[-122.281402,47.864767],[-122.280831,47.865392],[-122.280165,47.866121],[-122.279687,47.866625],[-122.278974,47.867388],[-122.278952,47.867411],[-122.278615,47.86778],[-122.278066,47.868381],[-122.277924,47.868536],[-122.277345,47.869153],[-122.276751,47.869785],[-122.276024,47.870559],[-122.275988,47.870598],[-122.275588,47.871024],[-122.275337,47.871292],[-122.275248,47.871386],[-122.275094,47.87155],[-122.274766,47.8719],[-122.274348,47.872345],[-122.274259,47.87244],[-122.274072,47.872639],[-122.273815,47.872912],[-122.273723,47.873011],[-122.273638,47.873098],[-122.273404,47.873342],[-122.272937,47.873847],[-122.272601,47.874209],[-122.272421,47.874401],[-122.272134,47.874707],[-122.271883,47.874973],[-122.271362,47.875528],[-122.271006,47.875907],[-122.270884,47.876036],[-122.270713,47.876218],[-122.270565,47.876376],[-122.270378,47.876581],[-122.27027,47.876687],[-122.269948,47.87703],[-122.269738,47.877267],[-122.269189,47.877856],[-122.267384,47.879764],[-122.267219,47.879958],[-122.267052,47.880134],[-122.266902,47.880292],[-122.266728,47.880476],[-122.266548,47.880666],[-122.265982,47.881263],[-122.26578,47.881477],[-122.265465,47.881826],[-122.265177,47.882144],[-122.265137,47.882189],[-122.264834,47.882535],[-122.264767,47.882608],[-122.264283,47.883135],[-122.263799,47.883648],[-122.263254,47.884242],[-122.262791,47.884745],[-122.262291,47.885278],[-122.26205,47.885533],[-122.261633,47.88598],[-122.261559,47.88606],[-122.261515,47.886107],[-122.26129,47.886349],[-122.261146,47.886503],[-122.260773,47.886904],[-122.26022,47.887497],[-122.259685,47.888072],[-122.259367,47.888414],[-122.259192,47.888601],[-122.259019,47.888787],[-122.258908,47.888906],[-122.258814,47.889007],[-122.258575,47.889265],[-122.258444,47.889406],[-122.258314,47.889543],[-122.258118,47.889751],[-122.257963,47.889914],[-122.257762,47.890125],[-122.257705,47.890185],[-122.257499,47.890403],[-122.257383,47.890525],[-122.257217,47.8907],[-122.257144,47.890778],[-122.256938,47.890999],[-122.25671,47.891245],[-122.256683,47.891273],[-122.256297,47.891688],[-122.256228,47.891763],[-122.256116,47.891884],[-122.255834,47.892186],[-122.255767,47.892258],[-122.25539,47.892663],[-122.255002,47.89308],[-122.254945,47.893141],[-122.254454,47.893666],[-122.254431,47.893689],[-122.254118,47.894024],[-122.253757,47.894411],[-122.253342,47.894855],[-122.253163,47.895047],[-122.253115,47.895098],[-122.253016,47.895204],[-122.252795,47.895441],[-122.252751,47.895488],[-122.252623,47.895625],[-122.252442,47.895819],[-122.252221,47.896063],[-122.252011,47.896293],[-122.251886,47.89643],[-122.251743,47.896582],[-122.251521,47.896818],[-122.251248,47.897108],[-122.250806,47.897577],[-122.250633,47.89776],[-122.250237,47.898181],[-122.249899,47.898539],[-122.249766,47.89868],[-122.249712,47.898738],[-122.249427,47.899041],[-122.249129,47.899357],[-122.248993,47.899502],[-122.248902,47.899598],[-122.248491,47.900034],[-122.247811,47.900762],[-122.247421,47.901181],[-122.247266,47.901347],[-122.24718,47.90144],[-122.246657,47.902002],[-122.246454,47.90222],[-122.246193,47.902501],[-122.246026,47.902678],[-122.245914,47.902796],[-122.245579,47.903151],[-122.245565,47.903166],[-122.245354,47.90339],[-122.245084,47.903683],[-122.24504,47.903731],[-122.244633,47.904173],[-122.244322,47.90451],[-122.244289,47.904542],[-122.244269,47.904563],[-122.243853,47.90501],[-122.243569,47.905314],[-122.243165,47.905749],[-122.242977,47.90595],[-122.242666,47.906283],[-122.242428,47.90654],[-122.242298,47.906678],[-122.242215,47.906768],[-122.241691,47.907331],[-122.241453,47.907586],[-122.241433,47.907609],[-122.241295,47.907757],[-122.241189,47.907871],[-122.241139,47.907924],[-122.240936,47.908144],[-122.240787,47.908305],[-122.240562,47.908547],[-122.240321,47.908808],[-122.240224,47.908913],[-122.239974,47.909184],[-122.239944,47.909215],[-122.239656,47.909522],[-122.239631,47.909555],[-122.239456,47.909738],[-122.239349,47.909852],[-122.239168,47.910047],[-122.239119,47.910101],[-122.239032,47.910195],[-122.238896,47.910335],[-122.238813,47.910421],[-122.238596,47.910645],[-122.238483,47.910762],[-122.238439,47.91081],[-122.238056,47.911222],[-122.237737,47.911574],[-122.237511,47.91182],[-122.237474,47.91186],[-122.237191,47.912167],[-122.237016,47.912353],[-122.236917,47.912458],[-122.236851,47.912529],[-122.236756,47.912629],[-122.236557,47.912841],[-122.236332,47.913079],[-122.236224,47.913193],[-122.235906,47.913531],[-122.235859,47.913581],[-122.235762,47.91369],[-122.235524,47.913956],[-122.235433,47.914058],[-122.235393,47.914103],[-122.235304,47.914196],[-122.235261,47.914241],[-122.235201,47.914303],[-122.235078,47.914419],[-122.234992,47.914521],[-122.234826,47.914693],[-122.234782,47.914739],[-122.234684,47.914841],[-122.234425,47.915111],[-122.234292,47.915255],[-122.234249,47.915302],[-122.234202,47.915353],[-122.233588,47.916024],[-122.233208,47.916425],[-122.23307,47.916573],[-122.232659,47.917016],[-122.232624,47.917053],[-122.232416,47.917278],[-122.232333,47.917367],[-122.232151,47.917563],[-122.231851,47.917885],[-122.231621,47.918133],[-122.231445,47.918323],[-122.231097,47.918697],[-122.230733,47.919089],[-122.230694,47.919131],[-122.230488,47.919352],[-122.229975,47.919901],[-122.229847,47.920038],[-122.229648,47.920242],[-122.229524,47.920384],[-122.229333,47.920588],[-122.22921,47.92072],[-122.229059,47.920881],[-122.228936,47.921013],[-122.228872,47.921082],[-122.22858,47.921394],[-122.228539,47.921438],[-122.228378,47.92161],[-122.228359,47.921631],[-122.228179,47.921824],[-122.228164,47.92184],[-122.228078,47.921932],[-122.227622,47.922417],[-122.2276,47.92244],[-122.227332,47.922724],[-122.227218,47.922847],[-122.226801,47.923309],[-122.226723,47.923403],[-122.22639,47.923757],[-122.226162,47.923995],[-122.225993,47.924172],[-122.225864,47.924313],[-122.225639,47.924561],[-122.225358,47.924834],[-122.225122,47.925092],[-122.224927,47.925284],[-122.224897,47.925315],[-122.224841,47.925378],[-122.224727,47.925495],[-122.224327,47.925926],[-122.223991,47.926261],[-122.223522,47.92675],[-122.222946,47.927355],[-122.222818,47.927489],[-122.22257,47.927781],[-122.222452,47.927874],[-122.222176,47.928219],[-122.222046,47.928354],[-122.221676,47.928754],[-122.221509,47.928943],[-122.221273,47.929263],[-122.221255,47.929293],[-122.221148,47.929482],[-122.221049,47.929654],[-122.220798,47.930093],[-122.220614,47.93057],[-122.220562,47.930692],[-122.220442,47.931017],[-122.220373,47.931259],[-122.220315,47.931464],[-122.220296,47.931533],[-122.220214,47.931833],[-122.220196,47.931901],[-122.220111,47.93218],[-122.220102,47.932219],[-122.220063,47.932363],[-122.220037,47.932459],[-122.220028,47.93249],[-122.219909,47.932932],[-122.219889,47.933006],[-122.219826,47.933236],[-122.219798,47.933339],[-122.219753,47.933504],[-122.219687,47.933745],[-122.219655,47.933865],[-122.219613,47.93402],[-122.219586,47.934118],[-122.219573,47.934164],[-122.219548,47.934256],[-122.219521,47.934358],[-122.219462,47.934578],[-122.21943,47.934703],[-122.219394,47.934842],[-122.219355,47.934992],[-122.219344,47.935033],[-122.219311,47.935162],[-122.219255,47.935379],[-122.219209,47.935558],[-122.219045,47.936193],[-122.218924,47.936634],[-122.218816,47.937018],[-122.218803,47.937065],[-122.218749,47.937254],[-122.21873,47.937325],[-122.218661,47.937571],[-122.218637,47.93766],[-122.218635,47.937668],[-122.218595,47.937811],[-122.218444,47.938353],[-122.218335,47.938744],[-122.218321,47.938801],[-122.218288,47.938932],[-122.218226,47.939169],[-122.218149,47.939493],[-122.218124,47.939593],[-122.217952,47.940282],[-122.217934,47.940357],[-122.217829,47.940758],[-122.217813,47.94082],[-122.217744,47.941118],[-122.217637,47.941472],[-122.217606,47.941579],[-122.217574,47.941683],[-122.21756,47.941736],[-122.217527,47.941858],[-122.217465,47.942093],[-122.217415,47.942281],[-122.217364,47.942471],[-122.217319,47.94264],[-122.217239,47.942938],[-122.217219,47.943022],[-122.217066,47.943604],[-122.217042,47.94368],[-122.216943,47.943948],[-122.216918,47.944004],[-122.216856,47.944141],[-122.216807,47.94425],[-122.216734,47.944417],[-122.216713,47.944467],[-122.216675,47.944555],[-122.216624,47.94467],[-122.216587,47.944753],[-122.21649,47.944973],[-122.216438,47.945089],[-122.216411,47.945151],[-122.216342,47.945306],[-122.216302,47.945398],[-122.216268,47.945474],[-122.216225,47.945572],[-122.216203,47.94562],[-122.216061,47.945941],[-122.216025,47.946029],[-122.215954,47.946197],[-122.215901,47.946324],[-122.215844,47.946461],[-122.215803,47.946552],[-122.21579,47.94658],[-122.21569,47.946801],[-122.215616,47.946965],[-122.215553,47.947103],[-122.215471,47.947285],[-122.215277,47.947712],[-122.215198,47.947897],[-122.215039,47.948244],[-122.214913,47.948519],[-122.214897,47.948554],[-122.214759,47.948856],[-122.214623,47.949157],[-122.214545,47.949329],[-122.214508,47.949417],[-122.21446,47.949533],[-122.214321,47.949872],[-122.214214,47.950133],[-122.214196,47.950178],[-122.214051,47.950561],[-122.214016,47.950653],[-122.213951,47.950863],[-122.213947,47.950878],[-122.21391,47.950998],[-122.213885,47.951075],[-122.213856,47.95117],[-122.213804,47.951357],[-122.213798,47.951381],[-122.213774,47.951464],[-122.213705,47.951713],[-122.213683,47.951793],[-122.213669,47.951844],[-122.213661,47.951887],[-122.213648,47.951955],[-122.213544,47.9525],[-122.213528,47.952583],[-122.213446,47.953037],[-122.213398,47.953316],[-122.213335,47.95369],[-122.213273,47.954058],[-122.213231,47.954311],[-122.213186,47.954575],[-122.213155,47.954761],[-122.213141,47.954847],[-122.213126,47.954936],[-122.213084,47.955184],[-122.213068,47.955278],[-122.213035,47.955384],[-122.21284,47.956009],[-122.212743,47.95625],[-122.212574,47.956668],[-122.212413,47.956954],[-122.21228,47.957188],[-122.211897,47.957865],[-122.211056,47.959351],[-122.210897,47.959709],[-122.210795,47.959993],[-122.21075,47.960146],[-122.21071,47.960383],[-122.210665,47.960654],[-122.210352,47.960661],[-122.210316,47.960662],[-122.209961,47.96067],[-122.209266,47.960688],[-122.208555,47.960701],[-122.208384,47.960704],[-122.208116,47.960711],[-122.208056,47.960712],[-122.207995,47.960713],[-122.207862,47.960716],[-122.207721,47.960717],[-122.207362,47.960734],[-122.206994,47.960802],[-122.206799,47.960895],[-122.206652,47.960961],[-122.206584,47.960965],[-122.206267,47.960954],[-122.206164,47.960965],[-122.206033,47.961006],[-122.205776,47.961122],[-122.204983,47.961779],[-122.204891,47.961959],[-122.204802,47.962567],[-122.2047,47.962909],[-122.204534,47.963079],[-122.204349,47.963218],[-122.204285,47.963373],[-122.204316,47.963551],[-122.204367,47.963659],[-122.203667,47.963886],[-122.20378,47.964029],[-122.203875,47.964187],[-122.203914,47.964311],[-122.203866,47.964456],[-122.203735,47.964556],[-122.2035,47.964628],[-122.202415,47.964742],[-122.201219,47.964867],[-122.200977,47.964874],[-122.200996,47.965251],[-122.201005,47.965419],[-122.201016,47.965615],[-122.201023,47.965741],[-122.201046,47.966139],[-122.201065,47.966483],[-122.201077,47.966712],[-122.201113,47.967386],[-122.201117,47.967448],[-122.201118,47.967523],[-122.201127,47.967887],[-122.201128,47.967914],[-122.201133,47.968127],[-122.201141,47.968464],[-122.201145,47.968608],[-122.201146,47.968675],[-122.201148,47.968761],[-122.201153,47.968867],[-122.201167,47.969207],[-122.201173,47.969344],[-122.201182,47.969543],[-122.201193,47.969804],[-122.201198,47.969923],[-122.201204,47.970076],[-122.20123,47.970664],[-122.201262,47.971384],[-122.201308,47.97244],[-122.201319,47.972702],[-122.201373,47.973931],[-122.201376,47.974013],[-122.201381,47.974112],[-122.201443,47.975343],[-122.201472,47.976075],[-122.201475,47.97616],[-122.201476,47.976185],[-122.20149,47.976537],[-122.201494,47.976652],[-122.201502,47.97682],[-122.201506,47.976891],[-122.20151,47.976989],[-122.20152,47.977195],[-122.201554,47.977897],[-122.201559,47.977991],[-122.201558,47.978111],[-122.201555,47.978775],[-122.201554,47.97906],[-122.201553,47.979221],[-122.201548,47.979347],[-122.201538,47.979655],[-122.201538,47.979952],[-122.201527,47.980541],[-122.201524,47.980769],[-122.20152,47.981117],[-122.201518,47.981304],[-122.201516,47.98145],[-122.201515,47.98157],[-122.201513,47.981749],[-122.201511,47.981885],[-122.201509,47.982043],[-122.201506,47.982328],[-122.201504,47.982535],[-122.201503,47.982572],[-122.201497,47.982862],[-122.20149,47.983195],[-122.201482,47.983785],[-122.20148,47.983933],[-122.201478,47.98403],[-122.201474,47.984326],[-122.201473,47.984421],[-122.201472,47.984496],[-122.201467,47.984604],[-122.201449,47.98507],[-122.201443,47.985222],[-122.201441,47.985259],[-122.201426,47.985624],[-122.201419,47.98581],[-122.201416,47.986018],[-122.201409,47.986525],[-122.201408,47.986597],[-122.201405,47.986797],[-122.201402,47.98704],[-122.201401,47.987121],[-122.201396,47.987223],[-122.201368,47.987784],[-122.201336,47.988442],[-122.201327,47.989502],[-122.201326,47.989592],[-122.201325,47.989757],[-122.201321,47.989978],[-122.201313,47.990401],[-122.201303,47.990909],[-122.2013,47.991074],[-122.201292,47.991458],[-122.201289,47.991596],[-122.201284,47.991828],[-122.201276,47.992226],[-122.201274,47.99229],[-122.201272,47.992399],[-122.201269,47.992508],[-122.201253,47.993003],[-122.201234,47.993627],[-122.201231,47.993713],[-122.201227,47.993803],[-122.201216,47.99403],[-122.201209,47.994188],[-122.201192,47.994534],[-122.201185,47.99503],[-122.20116,47.995477],[-122.20116,47.995519],[-122.20116,47.995739],[-122.201159,47.996018],[-122.201158,47.996254],[-122.201156,47.996347],[-122.201154,47.996418],[-122.201124,47.997],[-122.2011,47.997468],[-122.201089,47.997669],[-122.201084,47.998282],[-122.201079,47.998889],[-122.201078,47.998971],[-122.201075,47.999063],[-122.201074,47.999118],[-122.201054,47.999612],[-122.201039,47.999996],[-122.201031,48.000205],[-122.201027,48.00029],[-122.201025,48.000378],[-122.201014,48.000819],[-122.201015,48.000876],[-122.20101,48.001117],[-122.201007,48.001279],[-122.201002,48.001517],[-122.201,48.001599],[-122.200926,48.001677],[-122.200921,48.002092],[-122.200887,48.002306],[-122.20074,48.002758],[-122.200534,48.003131],[-122.200439,48.003256],[-122.200384,48.003329],[-122.200245,48.003473],[-122.200228,48.003585],[-122.200144,48.003668],[-122.200084,48.003726],[-122.199969,48.003823],[-122.199616,48.004096],[-122.199512,48.004184],[-122.199473,48.004212],[-122.199391,48.004276],[-122.198278,48.005126],[-122.19766,48.005598],[-122.197561,48.005673],[-122.197531,48.005697],[-122.197455,48.005755],[-122.197323,48.00586],[-122.196859,48.006226],[-122.196286,48.006679],[-122.195758,48.007097],[-122.195359,48.007406],[-122.194788,48.007847],[-122.194697,48.007918],[-122.194412,48.008139],[-122.194144,48.008346],[-122.192538,48.009588],[-122.192033,48.009913],[-122.191598,48.010242],[-122.190694,48.010952],[-122.190359,48.011212],[-122.19021,48.011351],[-122.189734,48.011818],[-122.189449,48.012111],[-122.189254,48.012324],[-122.188852,48.012811],[-122.188683,48.013056],[-122.188553,48.013289],[-122.188341,48.013746],[-122.188246,48.01402],[-122.188168,48.014308],[-122.186885,48.01926],[-122.186736,48.019838],[-122.18639,48.020986],[-122.18573,48.022868],[-122.184534,48.026033],[-122.182925,48.030468],[-122.182322,48.032136],[-122.181942,48.033332],[-122.181715,48.034176],[-122.181528,48.034874],[-122.180857,48.037394],[-122.180679,48.038069],[-122.180546,48.03852],[-122.180317,48.039041],[-122.180006,48.039442],[-122.179577,48.039902],[-122.178902,48.040632],[-122.178815,48.040913],[-122.178802,48.041128],[-122.178817,48.041322],[-122.178866,48.041498],[-122.178945,48.041651],[-122.179181,48.041921],[-122.179822,48.042475],[-122.179965,48.042632],[-122.180146,48.042911],[-122.18044,48.043328],[-122.181016,48.044158],[-122.183579,48.048562],[-122.1837,48.048835],[-122.184129,48.049849],[-122.184292,48.050458],[-122.184386,48.051175],[-122.184402,48.051639],[-122.184419,48.052133],[-122.184378,48.055925],[-122.184575,48.060537],[-122.184713,48.06414],[-122.184732,48.065063],[-122.184746,48.065752],[-122.184738,48.068459],[-122.184644,48.070432],[-122.184601,48.079418],[-122.18467,48.096303],[-122.184687,48.104182],[-122.184764,48.113412],[-122.184919,48.118392],[-122.185202,48.12419],[-122.185234,48.12514],[-122.185331,48.126848],[-122.185485,48.128716],[-122.185674,48.132938],[-122.185786,48.134639],[-122.186077,48.137349],[-122.186249,48.13874],[-122.187478,48.145492],[-122.187837,48.147618],[-122.187894,48.147996],[-122.18933,48.15614],[-122.1896,48.1576],[-122.19096,48.165541],[-122.192473,48.174004],[-122.192678,48.175139],[-122.192884,48.175854],[-122.193256,48.176728],[-122.193579,48.177413],[-122.194189,48.178319],[-122.194798,48.179059],[-122.195321,48.179643],[-122.19739,48.182053],[-122.200463,48.185435],[-122.201765,48.186869],[-122.20502,48.190516],[-122.207466,48.193228],[-122.207878,48.193709],[-122.208183,48.194123],[-122.208813,48.195098],[-122.208951,48.195419],[-122.209535,48.196415],[-122.210342,48.198297],[-122.212075,48.20173],[-122.213674,48.204984],[-122.214081,48.205756],[-122.214671,48.207036],[-122.215122,48.208187],[-122.217283,48.21404],[-122.217577,48.214926],[-122.218872,48.218286],[-122.219225,48.219204],[-122.219637,48.220018],[-122.22041,48.221376],[-122.221216,48.222434],[-122.221989,48.223344],[-122.222853,48.224284],[-122.223842,48.225164],[-122.225035,48.226016],[-122.233078,48.231269],[-122.234165,48.232091],[-122.235571,48.233363],[-122.237577,48.235443],[-122.237781,48.235653],[-122.239433,48.237358],[-122.240634,48.238604],[-122.241034,48.239023],[-122.243103,48.241253],[-122.244788,48.243055],[-122.247984,48.246475],[-122.250908,48.249576],[-122.251473,48.250228],[-122.252995,48.251919],[-122.259626,48.259916],[-122.260544,48.260985],[-122.262585,48.262775],[-122.263514,48.26359],[-122.264552,48.264453],[-122.268303,48.267493],[-122.268807,48.267902],[-122.271931,48.270654],[-122.272802,48.271424],[-122.284826,48.281751],[-122.291465,48.287367],[-122.291819,48.287654],[-122.296779,48.291917],[-122.303445,48.297609],[-122.310589,48.303693],[-122.311608,48.304593],[-122.313213,48.305925],[-122.314133,48.30668],[-122.315014,48.307329],[-122.316164,48.308146],[-122.317787,48.309187],[-122.318929,48.310002],[-122.320093,48.310929],[-122.32094,48.311814],[-122.321648,48.312713],[-122.322217,48.31352],[-122.324328,48.316758],[-122.325627,48.318596],[-122.325926,48.319062],[-122.328576,48.323354],[-122.328837,48.323772],[-122.331383,48.327942],[-122.332396,48.329695],[-122.332773,48.330522],[-122.3331,48.331344],[-122.333534,48.332891],[-122.33431,48.336594],[-122.334523,48.337574],[-122.335532,48.342431],[-122.335735,48.343685],[-122.335854,48.345026],[-122.335884,48.345775],[-122.335912,48.346508],[-122.335811,48.35587],[-122.335617,48.366614],[-122.335391,48.376598],[-122.335337,48.377234],[-122.335311,48.377473],[-122.335241,48.3779],[-122.335134,48.378418],[-122.334857,48.379262],[-122.334586,48.379921],[-122.334215,48.38065],[-122.333623,48.381592],[-122.333294,48.382033],[-122.332865,48.382511],[-122.331966,48.38358],[-122.331583,48.384124],[-122.331143,48.384922],[-122.330761,48.385821],[-122.330646,48.386281],[-122.330607,48.386575],[-122.330521,48.387929],[-122.330443,48.390136],[-122.330405,48.393985],[-122.33037,48.395812],[-122.330371,48.397945],[-122.330328,48.399605],[-122.330553,48.402696],[-122.330627,48.403752],[-122.330747,48.405011],[-122.331465,48.413429],[-122.331469,48.414074],[-122.331562,48.414604],[-122.331712,48.415195],[-122.331927,48.415708],[-122.332302,48.416441],[-122.332765,48.417281],[-122.333005,48.41772],[-122.333889,48.419292],[-122.335039,48.421365],[-122.335811,48.422615],[-122.336165,48.423127],[-122.337894,48.425506],[-122.338713,48.426645],[-122.340021,48.428415],[-122.340403,48.429065],[-122.340752,48.429844],[-122.340997,48.430857],[-122.341043,48.431361],[-122.341032,48.432219],[-122.341044,48.432506],[-122.340996,48.435666],[-122.34099,48.436042],[-122.341033,48.438213],[-122.341016,48.440444],[-122.341015,48.440981],[-122.340993,48.443285],[-122.341106,48.446444],[-122.341127,48.447379],[-122.341147,48.448254],[-122.34113,48.449775],[-122.341213,48.452797],[-122.341327,48.457578],[-122.341366,48.458799],[-122.341368,48.459082],[-122.341475,48.463674],[-122.34151,48.464136],[-122.341559,48.46501],[-122.341689,48.46669],[-122.341841,48.468803],[-122.341936,48.470577],[-122.34198,48.4712],[-122.342044,48.471975],[-122.342142,48.4734],[-122.342314,48.475522],[-122.342377,48.476641],[-122.342452,48.47753],[-122.342461,48.478065],[-122.342397,48.47865],[-122.342276,48.479179],[-122.342181,48.479474],[-122.34205,48.479821],[-122.341727,48.480481],[-122.341399,48.480985],[-122.34119,48.48128],[-122.340818,48.481703],[-122.340523,48.482007],[-122.340226,48.482303],[-122.339748,48.482693],[-122.339402,48.482969],[-122.33801,48.483973],[-122.337302,48.484585],[-122.336863,48.485069],[-122.336604,48.48539],[-122.33632,48.485825],[-122.336009,48.486381],[-122.335786,48.48691],[-122.335615,48.487426],[-122.335551,48.487791],[-122.335482,48.488674],[-122.335455,48.489133],[-122.335419,48.491699],[-122.335358,48.493046],[-122.335356,48.493248],[-122.33527,48.497334],[-122.335307,48.498047],[-122.335403,48.498914],[-122.335661,48.500299],[-122.335836,48.500981],[-122.336161,48.501991],[-122.336405,48.502615],[-122.336799,48.503489],[-122.337045,48.504043],[-122.337886,48.505459],[-122.338787,48.506983],[-122.341772,48.512115],[-122.342565,48.513468],[-122.343137,48.514432],[-122.343531,48.515114],[-122.345706,48.518795],[-122.345939,48.519198],[-122.348016,48.522634],[-122.348815,48.524063],[-122.349083,48.524533],[-122.350022,48.5262],[-122.350563,48.527354],[-122.350813,48.527942],[-122.350966,48.528383],[-122.351249,48.529236],[-122.351636,48.531043],[-122.351747,48.532475],[-122.35185,48.54196],[-122.35179,48.542597],[-122.351636,48.543285],[-122.351256,48.544144],[-122.350192,48.546184],[-122.34972,48.547173],[-122.349531,48.547775],[-122.349376,48.548604],[-122.349368,48.549366],[-122.349445,48.550104],[-122.350115,48.552724],[-122.350235,48.553485],[-122.350286,48.554132],[-122.350278,48.55503],[-122.35014,48.55586],[-122.349969,48.556502],[-122.349437,48.557888],[-122.34796,48.561694],[-122.347892,48.562006],[-122.347746,48.562818],[-122.347587,48.564351],[-122.347765,48.568578],[-122.347767,48.570939],[-122.34763,48.572768],[-122.346907,48.57634],[-122.34678,48.576971],[-122.345853,48.581633],[-122.344952,48.585755],[-122.3443,48.589033],[-122.343766,48.591633],[-122.343678,48.592205],[-122.343544,48.59393],[-122.343613,48.595082],[-122.343718,48.595941],[-122.343824,48.596609],[-122.345288,48.604435],[-122.345589,48.60545],[-122.345961,48.606422],[-122.34622,48.606997],[-122.346584,48.607629],[-122.34704,48.608359],[-122.347664,48.609215],[-122.348093,48.609732],[-122.354728,48.617687],[-122.35538,48.618697],[-122.355732,48.619418],[-122.355973,48.620087],[-122.356184,48.620809],[-122.356324,48.621494],[-122.35678,48.625147],[-122.356925,48.626129],[-122.357177,48.627445],[-122.357418,48.628385],[-122.357697,48.629193],[-122.359826,48.634338],[-122.362728,48.641333],[-122.362909,48.641762],[-122.363187,48.642424],[-122.364204,48.644893],[-122.365603,48.648239],[-122.365894,48.648908],[-122.366564,48.650643],[-122.366959,48.651964],[-122.367399,48.653188],[-122.367994,48.654888],[-122.368081,48.655185],[-122.368838,48.656943],[-122.369962,48.65932],[-122.371131,48.66207],[-122.371814,48.664167],[-122.37226,48.665455],[-122.372569,48.666072],[-122.372904,48.666548],[-122.373428,48.667154],[-122.374123,48.66767],[-122.374973,48.668175],[-122.376526,48.668889],[-122.378629,48.66979],[-122.379822,48.670363],[-122.38171,48.671349],[-122.382878,48.671916],[-122.384457,48.672624],[-122.38583,48.67314],[-122.388199,48.673922],[-122.389401,48.674455],[-122.390714,48.675206],[-122.392087,48.676133],[-122.393031,48.676847],[-122.393646,48.677433],[-122.394199,48.678218],[-122.394473,48.67904],[-122.394542,48.679833],[-122.39431,48.680819],[-122.393958,48.682146],[-122.393795,48.683137],[-122.393855,48.683721],[-122.393941,48.684237],[-122.394147,48.684712],[-122.394422,48.685189],[-122.394851,48.685755],[-122.39528,48.686197],[-122.396061,48.686764],[-122.396748,48.687155],[-122.397778,48.687568],[-122.399924,48.688248],[-122.401374,48.68886],[-122.401606,48.689053],[-122.401692,48.689246],[-122.401726,48.689489],[-122.401683,48.689637],[-122.401572,48.68975],[-122.401461,48.689832],[-122.401308,48.689893],[-122.401398,48.689936],[-122.401552,48.69001],[-122.401818,48.690139],[-122.404468,48.691363],[-122.408183,48.693078],[-122.40821,48.69309],[-122.4137,48.695626],[-122.414798,48.696032],[-122.416107,48.696451],[-122.420979,48.697914],[-122.422965,48.69854],[-122.423125,48.698582],[-122.423493,48.698694],[-122.424687,48.699054],[-122.425625,48.69936],[-122.426123,48.699537],[-122.426801,48.699828],[-122.427345,48.700104],[-122.428768,48.701003],[-122.429428,48.70135],[-122.432131,48.702841],[-122.435471,48.70472],[-122.436711,48.705418],[-122.43736,48.705723],[-122.437891,48.705905],[-122.438471,48.706104],[-122.438979,48.706237],[-122.439558,48.706352],[-122.440431,48.706475],[-122.440963,48.70651],[-122.442119,48.706508],[-122.443014,48.706502],[-122.443681,48.706499],[-122.4452,48.706493],[-122.44741,48.706467],[-122.449424,48.706443],[-122.451668,48.706412],[-122.454023,48.706418],[-122.45488,48.706405],[-122.455971,48.706399],[-122.456738,48.706466],[-122.457541,48.706569],[-122.458295,48.706741],[-122.459015,48.706939],[-122.459696,48.707185],[-122.460244,48.707416],[-122.460459,48.707547],[-122.460849,48.707746],[-122.461457,48.708103],[-122.463031,48.709029],[-122.46354,48.709309],[-122.463966,48.709565],[-122.464519,48.709898],[-122.464862,48.710155],[-122.465722,48.710801],[-122.466141,48.711181],[-122.466344,48.711399],[-122.46665,48.711728],[-122.467257,48.712497],[-122.467387,48.712662],[-122.467753,48.713551],[-122.467916,48.71401],[-122.468015,48.714289],[-122.469015,48.717179],[-122.469604,48.718796],[-122.469707,48.71907],[-122.469979,48.719945],[-122.470126,48.720406],[-122.471043,48.723017],[-122.471389,48.724017],[-122.471534,48.724552],[-122.471642,48.725],[-122.471694,48.7253],[-122.471747,48.72585],[-122.471755,48.726372],[-122.471733,48.726783],[-122.471678,48.727155],[-122.471535,48.727987],[-122.471423,48.72842],[-122.47135,48.728613],[-122.471242,48.728884],[-122.471118,48.729086],[-122.470971,48.729273],[-122.470636,48.729602],[-122.470398,48.729801],[-122.470247,48.729897],[-122.46985,48.730186],[-122.46898,48.730758],[-122.468213,48.731296],[-122.468428,48.731381],[-122.468685,48.731653],[-122.469233,48.732455],[-122.469485,48.732861],[-122.469869,48.733641],[-122.469868,48.734063],[-122.469866,48.734799],[-122.469864,48.735435],[-122.469862,48.738003],[-122.469862,48.738233],[-122.469854,48.739336],[-122.469814,48.739501],[-122.469778,48.739651],[-122.470049,48.73983],[-122.470294,48.739992],[-122.470783,48.740315],[-122.471307,48.740658],[-122.471698,48.740915],[-122.471886,48.74101],[-122.471826,48.742376],[-122.471814,48.74289],[-122.471806,48.743268],[-122.471795,48.743792],[-122.471783,48.744543],[-122.471776,48.745015],[-122.472027,48.745107],[-122.472442,48.745379],[-122.472959,48.745718],[-122.473492,48.746064],[-122.473994,48.74639],[-122.474543,48.746746],[-122.475025,48.747059],[-122.475543,48.747398],[-122.476052,48.74773],[-122.476591,48.748071],[-122.477091,48.748407],[-122.477619,48.748752],[-122.478143,48.749076],[-122.478639,48.749414],[-122.479163,48.749752],[-122.47969,48.750094],[-122.480199,48.750424],[-122.480743,48.750774],[-122.48101,48.750946],[-122.481236,48.751096],[-122.481012,48.751251],[-122.481025,48.751877],[-122.481046,48.752862],[-122.481066,48.753873],[-122.481072,48.754132],[-122.481085,48.754773],[-122.481087,48.754884],[-122.481094,48.754916],[-122.48111,48.754961],[-122.481172,48.755006],[-122.481202,48.755023],[-122.481546,48.755238],[-122.481635,48.755297],[-122.482333,48.755797],[-122.482999,48.756243],[-122.483787,48.756728],[-122.484563,48.757241],[-122.485335,48.757737],[-122.486089,48.758251],[-122.486838,48.758743],[-122.487603,48.759241],[-122.488213,48.759664],[-122.488298,48.759738],[-122.488383,48.759813],[-122.488386,48.759974],[-122.488396,48.760616],[-122.488406,48.76178],[-122.488407,48.761882],[-122.488405,48.761979],[-122.488384,48.763138],[-122.488379,48.764381],[-122.488386,48.764768],[-122.489083,48.765609],[-122.48913,48.765666],[-122.489202,48.765755],[-122.491094,48.768095],[-122.491176,48.768196],[-122.491226,48.768259],[-122.491788,48.768956],[-122.49191,48.769107],[-122.492601,48.769962],[-122.492663,48.770038],[-122.493937,48.771617],[-122.494599,48.772436],[-122.494827,48.772719],[-122.494991,48.772923],[-122.495664,48.773721],[-122.495767,48.773851],[-122.495833,48.773934],[-122.495924,48.774046],[-122.496701,48.77501],[-122.497212,48.775644],[-122.497338,48.775604],[-122.497562,48.775548],[-122.497654,48.775546],[-122.497807,48.775576],[-122.499795,48.776154],[-122.50178,48.776695],[-122.502139,48.776802],[-122.502256,48.776837],[-122.502723,48.776992],[-122.503108,48.777139],[-122.503154,48.777161],[-122.503473,48.777309],[-122.504027,48.777617],[-122.50739,48.779902],[-122.509459,48.781312],[-122.511192,48.782454],[-122.514509,48.784704],[-122.515512,48.785378],[-122.516525,48.786094],[-122.517945,48.787062],[-122.518234,48.787354],[-122.518574,48.787732],[-122.518684,48.787936],[-122.51881,48.78835],[-122.518825,48.788533],[-122.518884,48.789165],[-122.51897,48.789493],[-122.519099,48.78977],[-122.519236,48.789956],[-122.519394,48.790117],[-122.519785,48.790363],[-122.521285,48.791125],[-122.521968,48.7915],[-122.522908,48.792118],[-122.524906,48.793523],[-122.525209,48.793784],[-122.530525,48.799255],[-122.535864,48.804762],[-122.537544,48.806496],[-122.544601,48.813778],[-122.546009,48.815213],[-122.549064,48.818367],[-122.550867,48.820215],[-122.553246,48.822693],[-122.563545,48.833288],[-122.567031,48.836828],[-122.568819,48.838683],[-122.569359,48.839202],[-122.57002,48.839948],[-122.570729,48.840822],[-122.571673,48.842254],[-122.572031,48.842844],[-122.57264,48.843653],[-122.572821,48.843871],[-122.574231,48.845377],[-122.575991,48.847169],[-122.578765,48.850014],[-122.578848,48.850156],[-122.57937,48.850648],[-122.581106,48.852228],[-122.581614,48.852735],[-122.582147,48.853206],[-122.583577,48.854721],[-122.584109,48.8553],[-122.584968,48.856384],[-122.585107,48.856542],[-122.585305,48.856858],[-122.585612,48.857813],[-122.585832,48.858093],[-122.585998,48.858233],[-122.586119,48.858356],[-122.586334,48.858601],[-122.587089,48.859603],[-122.587366,48.86002],[-122.587554,48.860375],[-122.587643,48.860626],[-122.587715,48.861066],[-122.587928,48.862178],[-122.58815,48.86445],[-122.588452,48.867235],[-122.588963,48.872543],[-122.588875,48.876204],[-122.588642,48.883424],[-122.588625,48.884438],[-122.588689,48.885084],[-122.588837,48.885729],[-122.589251,48.886573],[-122.589632,48.887153],[-122.590114,48.887691],[-122.590505,48.888065],[-122.591123,48.888569],[-122.592803,48.889617],[-122.594328,48.890533],[-122.599884,48.893906],[-122.600123,48.894056],[-122.602577,48.895588],[-122.605702,48.897446],[-122.610978,48.900634],[-122.616681,48.904101],[-122.617691,48.904769],[-122.618957,48.905664],[-122.619272,48.905892],[-122.624151,48.909516],[-122.62615,48.911159],[-122.627363,48.912323],[-122.630588,48.916101],[-122.632684,48.91861],[-122.633951,48.919917],[-122.635501,48.921261],[-122.636566,48.922109],[-122.639772,48.924223],[-122.643072,48.926349],[-122.644404,48.927092],[-122.646655,48.928209],[-122.65063,48.930097],[-122.656573,48.933014],[-122.658936,48.934112],[-122.664247,48.936683],[-122.66606,48.937703],[-122.667417,48.938616],[-122.682952,48.948915],[-122.6867,48.951443],[-122.694282,48.956425],[-122.696545,48.957974],[-122.701221,48.961033],[-122.708758,48.965309],[-122.716956,48.97],[-122.717985,48.97076],[-122.7192,48.971721],[-122.720192,48.972547],[-122.720395,48.972697],[-122.72668,48.977843],[-122.728568,48.979392],[-122.729192,48.979996],[-122.730109,48.980932],[-122.732952,48.984309],[-122.733366,48.984794],[-122.734885,48.986155],[-122.735523,48.986704],[-122.736323,48.987301],[-122.737953,48.988417],[-122.739538,48.989502],[-122.740879,48.990414],[-122.744374,48.993363],[-122.744913,48.993764],[-122.745356,48.994073],[-122.745746,48.994311],[-122.746186,48.994556],[-122.747255,48.995106],[-122.74867,48.995855],[-122.749013,48.996023],[-122.750229,48.996661],[-122.750648,48.996909],[-122.75107,48.997171],[-122.751511,48.997466],[-122.751741,48.997634],[-122.752277,48.998059],[-122.752379,48.99814],[-122.752674,48.998326],[-122.752878,48.998509],[-122.753093,48.998813],[-122.753169,48.998899],[-122.753293,48.998993],[-122.75347,48.999147],[-122.753594,48.99932],[-122.753762,48.9995],[-122.754501,49.000268],[-122.754797,49.000565],[-122.755395,49.001245],[-122.755581,49.001472],[-122.755789,49.001721],[-122.756004,49.002086],[-122.756726,49.003092],[-122.756757,49.003156],[-122.756862,49.003375],[-122.756907,49.003517],[-122.756905,49.003828],[-122.756913,49.004776],[-122.75691,49.004874],[-122.756903,49.00502],[-122.756995,49.005309],[-122.757008,49.005447],[-122.757012,49.005973],[-122.757019,49.006153],[-122.757032,49.006268],[-122.757087,49.006454],[-122.757142,49.006575],[-122.757247,49.006774],[-122.757327,49.006965],[-122.757362,49.007114],[-122.75738,49.007292],[-122.757381,49.007376],[-122.757387,49.007489],[-122.75739,49.007875],[-122.757395,49.00835],[-122.757399,49.008586],[-122.757407,49.009478],[-122.75743,49.009691],[-122.757434,49.010103],[-122.757439,49.01053],[-122.75743,49.011377],[-122.757418,49.011553],[-122.757524,49.012854],[-122.757659,49.013294],[-122.757809,49.013667],[-122.758261,49.014536],[-122.758839,49.015531],[-122.760142,49.017826],[-122.761668,49.020642],[-122.76336,49.023608],[-122.764211,49.025013],[-122.765268,49.026903],[-122.765839,49.027723],[-122.766728,49.028775],[-122.767447,49.029518],[-122.768065,49.03009],[-122.770897,49.032628],[-122.771755,49.033402],[-122.773068,49.034586],[-122.781076,49.041788],[-122.784123,49.044579],[-122.785591,49.045872],[-122.786916,49.047087],[-122.787617,49.047729],[-122.789814,49.049704],[-122.792363,49.051999],[-122.793374,49.052834],[-122.794294,49.053557],[-122.795942,49.054732],[-122.799418,49.057286],[-122.800946,49.05836],[-122.80262,49.05962],[-122.804181,49.060762],[-122.804611,49.061077],[-122.805607,49.061791],[-122.807881,49.063428],[-122.808226,49.063686],[-122.809469,49.06462],[-122.813237,49.067319],[-122.813679,49.067652],[-122.814129,49.067995],[-122.814423,49.068217],[-122.814705,49.068432],[-122.815948,49.069323],[-122.818438,49.07112],[-122.819657,49.07202],[-122.820673,49.072802],[-122.821631,49.073471],[-122.824866,49.075817],[-122.826522,49.077033],[-122.827434,49.077676],[-122.829006,49.078842],[-122.830798,49.080133],[-122.834103,49.082551],[-122.835905,49.083832],[-122.837476,49.08499],[-122.839742,49.086642],[-122.840746,49.08738],[-122.841484,49.087874],[-122.841845,49.088087],[-122.842789,49.088543],[-122.843982,49.088953],[-122.844617,49.08911],[-122.845235,49.089234],[-122.846067,49.089324],[-122.848213,49.089465],[-122.852196,49.089729],[-122.852937,49.089776],[-122.855124,49.08991],[-122.856561,49.090007],[-122.860257,49.090237],[-122.861723,49.090324],[-122.865002,49.090504],[-122.86865,49.090735],[-122.871719,49.090938],[-122.871765,49.090932],[-122.874567,49.091109],[-122.878151,49.091336],[-122.88833,49.091976],[-122.89112,49.092137],[-122.891821,49.092235],[-122.892467,49.092367],[-122.892963,49.0925],[-122.893464,49.092696],[-122.893757,49.092852],[-122.89404,49.093037],[-122.894517,49.093387],[-122.895008,49.093978],[-122.895048,49.094041],[-122.895224,49.094322],[-122.895965,49.095543],[-122.897133,49.097431],[-122.898259,49.099235],[-122.902951,49.106759],[-122.903779,49.108106],[-122.904605,49.109223],[-122.905149,49.109818],[-122.905513,49.110171],[-122.906021,49.110615],[-122.906781,49.111207],[-122.909279,49.112676],[-122.910662,49.11329],[-122.912352,49.113813],[-122.913445,49.114112],[-122.914657,49.114385],[-122.914877,49.114428],[-122.915486,49.11455],[-122.917391,49.114888],[-122.918897,49.115134],[-122.920617,49.115502],[-122.922062,49.115963],[-122.923659,49.116701],[-122.924796,49.117377],[-122.925438,49.117901],[-122.925861,49.118339],[-122.926296,49.11879],[-122.926626,49.119227],[-122.926664,49.119306],[-122.92709,49.120077],[-122.927203,49.120336],[-122.927458,49.121057],[-122.927732,49.122695],[-122.927901,49.124533],[-122.927912,49.124665],[-122.928074,49.127799],[-122.92817,49.129154],[-122.928242,49.130233],[-122.928339,49.131262],[-122.928451,49.132846],[-122.928533,49.133445],[-122.928656,49.1339],[-122.928679,49.133976],[-122.928715,49.134065],[-122.928815,49.134285],[-122.929136,49.134821],[-122.929757,49.135506],[-122.93054,49.136326],[-122.93102,49.136827],[-122.932119,49.138053],[-122.934402,49.140442],[-122.934648,49.140772],[-122.934977,49.141259],[-122.935186,49.141667],[-122.93608,49.143715],[-122.93784,49.148002],[-122.938054,49.148516],[-122.938123,49.148662],[-122.940999,49.155611],[-122.943792,49.162636],[-122.94535,49.166155],[-122.945766,49.166882],[-122.946317,49.167531],[-122.946738,49.167958],[-122.947226,49.168349],[-122.947472,49.168527],[-122.94948,49.16979],[-122.95056,49.170506],[-122.951576,49.171161],[-122.952835,49.171977],[-122.953413,49.172337],[-122.953743,49.172564],[-122.954013,49.172793],[-122.954254,49.173051],[-122.95445,49.173317],[-122.95456,49.173572],[-122.954647,49.173736],[-122.95477,49.174157],[-122.954846,49.174532],[-122.954877,49.174752],[-122.954976,49.175189],[-122.955057,49.175445],[-122.955218,49.17579],[-122.9554,49.176053],[-122.955657,49.176314],[-122.955936,49.17653],[-122.95631,49.17675],[-122.956766,49.176993],[-122.957235,49.177141],[-122.957536,49.177211],[-122.958106,49.177301],[-122.958839,49.177403],[-122.95927,49.177464],[-122.959727,49.177558],[-122.960197,49.177704],[-122.960589,49.177874],[-122.960951,49.17809],[-122.961271,49.178341],[-122.961533,49.178626],[-122.96171,49.178911],[-122.961836,49.179233],[-122.961925,49.179703],[-122.961878,49.180295],[-122.961617,49.180982],[-122.961377,49.181334],[-122.961084,49.181654],[-122.960735,49.181931],[-122.960232,49.182262],[-122.959615,49.182589],[-122.959045,49.182795],[-122.958421,49.18297],[-122.957494,49.18317],[-122.956879,49.183301],[-122.955763,49.183539],[-122.954891,49.183751],[-122.954262,49.183946],[-122.953458,49.184239],[-122.953135,49.184379],[-122.952771,49.184557],[-122.952398,49.184739],[-122.952007,49.184965],[-122.951633,49.185208],[-122.951203,49.185439],[-122.949676,49.186542],[-122.949113,49.186935],[-122.948143,49.187429],[-122.948039,49.187495],[-122.947869,49.187602],[-122.947578,49.187805],[-122.947222,49.188071],[-122.946709,49.188399],[-122.946246,49.1886],[-122.945617,49.188801],[-122.945098,49.188971],[-122.944142,49.189308],[-122.943639,49.189559],[-122.943201,49.189857],[-122.942985,49.190031],[-122.942896,49.190208],[-122.942833,49.190289],[-122.94272,49.190427],[-122.942623,49.19057],[-122.942588,49.190649],[-122.942497,49.190872],[-122.942437,49.191135],[-122.942427,49.191415],[-122.942451,49.191603],[-122.942587,49.191992],[-122.942706,49.192183],[-122.942938,49.192476],[-122.943207,49.192761],[-122.948025,49.197258],[-122.949131,49.19827],[-122.949319,49.198568],[-122.949339,49.198754],[-122.949292,49.198915],[-122.949151,49.199091],[-122.948956,49.199238],[-122.948509,49.199427],[-122.945603,49.199995],[-122.945429,49.200029],[-122.945195,49.200077],[-122.945485,49.200553],[-122.945707,49.200784],[-122.945868,49.200846],[-122.946025,49.200986],[-122.946416,49.201303],[-122.946747,49.201561],[-122.946841,49.201635],[-122.947555,49.202201],[-122.947975,49.202532],[-122.948335,49.202848],[-122.948799,49.203219],[-122.949146,49.203495],[-122.949265,49.20359],[-122.949478,49.203759],[-122.94956,49.203824],[-122.949707,49.203941],[-122.949928,49.204117],[-122.950185,49.204322],[-122.950314,49.204425],[-122.950373,49.204472],[-122.950641,49.204684],[-122.950726,49.204753],[-122.951106,49.205056],[-122.95155,49.205419],[-122.95184,49.20564],[-122.951929,49.20573],[-122.952033,49.205809],[-122.952098,49.205862],[-122.9524,49.206162],[-122.952709,49.206538],[-122.952906,49.207048],[-122.952951,49.208653],[-122.953055,49.209034],[-122.953284,49.209415],[-122.953719,49.209855],[-122.953976,49.210032],[-122.954914,49.210655],[-122.955581,49.211183],[-122.955622,49.211216],[-122.956532,49.212141],[-122.956936,49.212469],[-122.957279,49.21275],[-122.957644,49.213039],[-122.957725,49.213103],[-122.957811,49.213169],[-122.958555,49.213789],[-122.959004,49.214116],[-122.95978,49.214699],[-122.960026,49.214897],[-122.960283,49.21512],[-122.96054,49.215346],[-122.960769,49.215647],[-122.960932,49.216199],[-122.960933,49.216742],[-122.960933,49.216836],[-122.960934,49.21718],[-122.960934,49.217997],[-122.960934,49.218409],[-122.960985,49.218446],[-122.961523,49.218442],[-122.96401,49.218421],[-122.964144,49.218421],[-122.964776,49.218418],[-122.96487,49.218473],[-122.965542,49.218587],[-122.96768,49.219046],[-122.967766,49.219064],[-122.968105,49.219135],[-122.968231,49.219158],[-122.968328,49.219137],[-122.970828,49.219664],[-122.972016,49.219925],[-122.972749,49.220088],[-122.972934,49.220131],[-122.973267,49.220209],[-122.973487,49.220261],[-122.97476,49.220561],[-122.97612,49.220919],[-122.976307,49.220978],[-122.977555,49.221373],[-122.978726,49.221734],[-122.978895,49.221786],[-122.979039,49.221832],[-122.97944,49.22196],[-122.98023,49.222218],[-122.980748,49.222373],[-122.981035,49.222475],[-122.982427,49.222912],[-122.983062,49.223118],[-122.984274,49.223514],[-122.984385,49.22355],[-122.98524,49.223823],[-122.985847,49.224016],[-122.986198,49.224128],[-122.986761,49.224308],[-122.987778,49.224632],[-122.988915,49.224995],[-122.990156,49.225399],[-122.990325,49.225452],[-122.991574,49.225862],[-122.991883,49.226009],[-122.994023,49.226722],[-122.994157,49.226767],[-122.994317,49.226823],[-122.994726,49.226953],[-122.995095,49.227079],[-122.996222,49.227448],[-122.996398,49.227509],[-122.996616,49.227578],[-122.997697,49.227916],[-122.998467,49.228155],[-122.999264,49.22842],[-123.001163,49.229077],[-123.002137,49.229391],[-123.002418,49.229485],[-123.002573,49.229531],[-123.002712,49.229579],[-123.002864,49.229634],[-123.004586,49.230195],[-123.004719,49.230237],[-123.004854,49.230281],[-123.00504,49.23034],[-123.006236,49.230737],[-123.007286,49.231086],[-123.007635,49.231146],[-123.007799,49.231204],[-123.00849,49.231421],[-123.009517,49.231766],[-123.009804,49.231862],[-123.010789,49.232181],[-123.011386,49.232348],[-123.012504,49.232597],[-123.012657,49.23264],[-123.01277,49.232665],[-123.01299,49.232713],[-123.013497,49.232774],[-123.014038,49.232811],[-123.014219,49.232817],[-123.014939,49.232847],[-123.01568,49.232837],[-123.01573,49.232833],[-123.015827,49.232827],[-123.017018,49.232772],[-123.018704,49.232629],[-123.019,49.232609],[-123.019322,49.232586],[-123.019547,49.232572],[-123.020204,49.232529],[-123.020505,49.232553],[-123.020658,49.232544],[-123.020753,49.232539],[-123.020851,49.232532],[-123.021364,49.23251],[-123.022006,49.232467],[-123.022828,49.232415],[-123.023245,49.232394],[-123.023279,49.232392],[-123.023391,49.232387],[-123.023587,49.232377],[-123.0237,49.232371],[-123.024816,49.232308],[-123.025515,49.232261],[-123.02591,49.232246],[-123.026477,49.232226],[-123.028135,49.232137],[-123.029267,49.232086],[-123.029773,49.232063],[-123.030285,49.232039],[-123.030596,49.232039],[-123.030942,49.232059],[-123.031113,49.232068],[-123.031391,49.232116],[-123.03178,49.232199],[-123.032127,49.232314],[-123.032458,49.232446],[-123.033171,49.23282],[-123.033979,49.233237],[-123.035698,49.234119],[-123.035725,49.234132],[-123.035808,49.234175],[-123.035903,49.234223],[-123.035963,49.234253],[-123.036811,49.234694],[-123.037787,49.235084],[-123.037902,49.235129],[-123.038672,49.235428],[-123.039067,49.235566],[-123.039492,49.235678],[-123.039894,49.23576],[-123.040335,49.235817],[-123.040714,49.235857],[-123.041252,49.235913],[-123.042148,49.235987],[-123.042245,49.235995],[-123.042492,49.236015],[-123.044213,49.236156],[-123.045004,49.236252],[-123.04549,49.236368],[-123.045806,49.236477],[-123.046653,49.236765],[-123.047578,49.237108],[-123.048052,49.237308],[-123.04868,49.237597],[-123.048824,49.237665],[-123.048911,49.237706],[-123.049566,49.238004],[-123.049965,49.238185],[-123.050156,49.238272],[-123.051567,49.238928],[-123.051877,49.239071],[-123.051983,49.239118],[-123.052097,49.239178],[-123.052517,49.239371],[-123.053211,49.239715],[-123.053846,49.240006],[-123.053881,49.240019],[-123.053986,49.240071],[-123.054099,49.240122],[-123.054606,49.240352],[-123.054907,49.240486],[-123.056381,49.24115],[-123.056909,49.241406],[-123.057442,49.241652],[-123.057864,49.241848],[-123.058001,49.241912],[-123.058129,49.241966],[-123.059102,49.242402],[-123.060706,49.243106],[-123.061365,49.243405],[-123.061764,49.243606],[-123.063658,49.244517],[-123.06429,49.244834],[-123.064547,49.244958],[-123.064956,49.245155],[-123.065169,49.245258],[-123.06586,49.245548],[-123.066504,49.245845],[-123.067217,49.246171],[-123.067825,49.24645],[-123.068617,49.246831],[-123.068679,49.246859],[-123.068757,49.246894],[-123.068923,49.246974],[-123.069935,49.247441],[-123.071294,49.248086],[-123.072075,49.24845],[-123.072158,49.248488],[-123.072438,49.248616],[-123.073094,49.248913],[-123.073423,49.249055],[-123.073534,49.249102],[-123.075832,49.250053],[-123.075963,49.250112],[-123.07615,49.250215],[-123.076718,49.250513],[-123.077785,49.251124],[-123.078199,49.251332],[-123.079891,49.252117],[-123.081793,49.253018],[-123.083549,49.253838],[-123.083697,49.253909],[-123.085608,49.254807],[-123.087412,49.255639],[-123.08893,49.25637],[-123.089602,49.256683],[-123.089712,49.256732],[-123.089844,49.256792],[-123.08995,49.256839],[-123.090791,49.257215],[-123.090981,49.257288],[-123.091461,49.257418],[-123.091759,49.257467],[-123.092272,49.257554],[-123.092459,49.257597],[-123.092943,49.257772],[-123.093118,49.257858],[-123.094384,49.258574],[-123.095117,49.258992],[-123.095745,49.259367],[-123.096035,49.259545],[-123.096243,49.259701],[-123.096391,49.259835],[-123.09668,49.260093],[-123.097678,49.261077],[-123.098579,49.261981],[-123.099407,49.262844],[-123.100124,49.263678],[-123.100399,49.263987],[-123.100501,49.264096],[-123.10053,49.264165],[-123.100769,49.264467],[-123.100795,49.264602],[-123.100792,49.265324],[-123.100846,49.2655],[-123.100811,49.266402],[-123.100776,49.267312],[-123.100753,49.267897],[-123.100756,49.268221],[-123.100675,49.268299],[-123.100639,49.268914],[-123.100631,49.268991],[-123.100619,49.269111],[-123.100587,49.26967],[-123.100574,49.270065],[-123.100569,49.270142],[-123.100567,49.270195],[-123.100554,49.270485],[-123.100528,49.270705],[-123.100506,49.270895],[-123.100431,49.271092],[-123.10012,49.27164],[-123.100001,49.271913],[-123.09997,49.272067],[-123.099958,49.272618],[-123.09995,49.272708],[-123.099939,49.272868],[-123.099937,49.272949],[-123.099844,49.274791],[-123.099836,49.274922],[-123.099793,49.276019],[-123.099786,49.276767],[-123.099784,49.276926],[-123.099742,49.27756],[-123.099934,49.277557],[-123.099982,49.277557],[-123.100035,49.277554],[-123.100458,49.277544],[-123.102732,49.277454],[-123.103601,49.277455],[-123.103773,49.277447],[-123.104121,49.277448],[-123.104773,49.277481],[-123.105321,49.277525],[-123.106161,49.27765],[-123.106683,49.277756],[-123.107398,49.27797],[-123.108146,49.278295],[-123.108583,49.278535],[-123.108955,49.278769],[-123.10982,49.279343],[-123.109944,49.279423],[-123.11003,49.279479],[-123.110452,49.279792],[-123.110548,49.279855],[-123.110644,49.279917],[-123.110765,49.279991],[-123.111534,49.280465],[-123.112511,49.281096],[-123.112996,49.280769],[-123.113885,49.280182],[-123.114219,49.279973],[-123.115198,49.28058],[-123.115678,49.280907],[-123.116154,49.281222],[-123.116652,49.281543],[-123.117039,49.281794],[-123.117135,49.281856],[-123.117214,49.281907],[-123.118051,49.282435],[-123.118117,49.282479],[-123.11821,49.28254],[-123.119039,49.28308],[-123.119115,49.283129],[-123.119205,49.283188],[-123.119602,49.283446],[-123.120005,49.283708],[-123.120036,49.283729],[-123.120095,49.283764],[-123.120013,49.283819]]","262048.6"
